     DATE              Volume
     19700102           8057300 
     19700105          11489610 
     19700106          11470830 
     19700107          10013070 
     19700108          10674390 
     19700109           9385500 
     19700112           8898991 
     19700113           9877520 
     19700114          10382530 
     19700115          11112742 
     19700116          11946965 
     19700119           9509380 
     19700120          11053460 
     19700121           9885330 
     19700122          11053860 
     19700123          11009070 
     19700126          10668070 
     19700127           9623530 
     19700128          10508980 
     19700129          12217370 
     19700130          12326380 
     19700202          13442490 
     19700203          16052880 
     19700204          11045250 
     19700205           9442610 
     19700206          10158670 
     19700209          10834830 
     19700210          10111750 
     19700211          12269860 
     19700212          10015840 
     19700213          11065010 
     19700216           9780710 
     19700217          10141860 
     19700218          11958850 
     19700219          12898170 
     19700220          10795250 
     19700224          10815720 
     19700225          13213650 
     19700226          11547290 
     19700227          12900906 
     19700302          12277750 
     19700303          11700760 
     19700304          11859570 
     19700305          11380490 
     19700306          10984980 
     19700309           9768370 
     19700310           9448110 
     19700311           9183220 
     19700312           9149320 
     19700313           9561440 
     19700316           8917660 
     19700317           9090390 
     19700318           9787660 
     19700319           8932860 
     19700320           7919690 
     19700323           7327830 
     19700324           8835610 
     19700325          17507910 
     19700326          11364230 
     19700330           9603170 
     19700331           8369840 
     19700401           9810980 
     19700402          10530160 
     19700403           9921770 
     19700406           8387230 
     19700407           8494560 
     19700408           9074260 
     19700409           9067140 
     19700410          10025000 
     19700413           8812670 
     19700414          10844330 
     19700415           9416370 
     19700416          10255310 
     19700417          10992960 
     19700420           8284190 
     19700421           8492440 
     19700422          10787080 
     19700423          11052730 
     19700424          10415450 
     19700427          10248330 
     19700428          12617200 
     19700429          15799640 
     19700430           9883560 
     19700501           8295530 
     19700504          11445680 
     19700505          10589070 
     19700506          14387480 
     19700507           9530070 
     19700508           6932370 
     19700511           6659710 
     19700512          10856970 
     19700513          10724330 
     19700514          13923600 
     19700515          14580740 
     19700518           8285490 
     19700519           9485380 
     19700520          13021180 
     19700521          16713010 
     19700522          12175250 
     19700525          12655670 
     19700526          17036060 
     19700527          17439370 
     19700528          18910467 
     19700529          14639400 
     19700601          15027420 
     19700602          13489420 
     19700603          16607170 
     19700604          14384950 
     19700605          12452030 
     19700608           8037050 
     19700609           7059460 
     19700610           7245050 
     19700611           7777230 
     19700612           8873580 
     19700615           6926370 
     19700616          11313740 
     19700617           9875830 
     19700618           8873270 
     19700619          10981440 
     19700622           8709360 
     19700623          10761750 
     19700624          12630830 
     19700625           8203500 
     19700626           9164000 
     19700629           8774400 
     19700630           9289690 
     19700701           8621210 
     19700702           8448910 
     19700706           9343090 
     19700707          10477970 
     19700708          10971500 
     19700709          12823910 
     19700710          10165059 
     19700713           7452300 
     19700714           7362500 
     19700715           8865430 
     19700716          12200300 
     19700717          13873170 
     19700720          11667570 
     19700721           9948420 
     19700722          12468770 
     19700723          12465520 
     19700724           9521230 
     19700727           7469250 
     19700728           9049570 
     19700729          12586400 
     19700730          10441950 
     19700731          11648640 
     19700803           7656070 
     19700804           8318090 
     19700805           7662680 
     19700806           7561780 
     19700807           9373250 
     19700810           7583220 
     19700811           7339210 
     19700812           7440630 
     19700813           8651270 
     19700814           7859510 
     19700817           6941250 
     19700818           9516073 
     19700819           9875300 
     19700820          10194840 
     19700821          13427880 
     19700824          18911210 
     19700825          17529830 
     19700826          15967660 
     19700827          12437030 
     19700828          13823460 
     19700831          10743310 
     19700901          10447660 
     19700902           9716950 
     19700903          14115750 
     19700904          15368090 
     19700908          17119270 
     19700909          16254220 
     19700910          11907350 
     19700911          12151020 
     19700914          11909680 
     19700915           9838520 
     19700916          12094700 
     19700917          15535030 
     19700918          15899840 
     19700921          12544450 
     19700922          12113900 
     19700923          16943520 
     19700924          21345010 
     19700925          20475570 
     19700928          14396550 
     19700929          17880690 
     19700930          14833800 
     19701001           9707250 
     19701002          15426748 
     19701005          19760320 
     19701006          20262470 
     19701007          15619430 
     19701008          14501740 
     19701009          13988120 
     19701012           8570950 
     19701013           9502600 
     19701014           9920500 
     19701015          11258720 
     19701016          11308940 
     19701019           9897600 
     19701020          10635710 
     19701021          11332030 
     19701022           9007250 
     19701023          10278500 
     19701026           9208670 
     19701027           9673240 
     19701028          10665800 
     19701029          10448580 
     19701030          10528420 
     19701102           9467740 
     19701103          11768710 
     19701104          12186720 
     19701105          10802270 
     19701106           9970590 
     19701109          10918470 
     19701110          12033730 
     19701111          13521280 
     19701112          12523680 
     19701113          11876900 
     19701116           9168020 
     19701117           9457740 
     19701118           9862370 
     19701119           9285590 
     19701120          10928380 
     19701123          12728550 
     19701124          12561250 
     19701125          13473720 
     19701127          10139760 
     19701130          17708100 
     19701201          20170480 
     19701202          17960140 
     19701203          20479780 
     19701204          15964180 
     19701207          15551900 
     19701208          14370745 
     19701209          13556970 
     19701210          14612690 
     19701211          15798358 
     19701214          13817570 
     19701215          13420590 
     19701216          14240450 
     19701217          13663270 
     19701218          14361809 
     19701221          12693250 
     19701222          14513040 
     19701223          15403810 
     19701224          12142130 
     19701228          12295790 
     19701229          17751845 
     19701230          19143840 
     19701231          13396800 
     19710104          10011530 
     19710105          12604980 
     19710106          16963120 
     19710107          16445240 
     19710108          14105060 
     19710111          14724000 
     19710112          17804070 
     19710113          19077400 
     19710114          17602160 
     19710115          18019490 
     19710118          15407670 
     19710119          15809739 
     19710120          18339220 
     19710121          19064760 
     19710122          21681460 
     19710125          19058510 
     19710126          21391440 
     19710127          20650620 
     19710128          18846996 
     19710129          20964440 
     19710201          20655360 
     19710202          22031500 
     19710203          21686970 
     19710204          20841090 
     19710205          20496580 
     19710208          25596430 
     19710209          28253290 
     19710210          19045970 
     19710211          19248190 
     19710212          18472260 
     19710216          21353210 
     19710217          18725180 
     19710218          16654670 
     19710219          17864830 
     19710222          15846270 
     19710223          15087830 
     19710224          15937420 
     19710225          16201490 
     19710226          17263430 
     19710301          13009700 
     19710302          14875030 
     19710303          14682210 
     19710304          17358370 
     19710305          22432890 
     19710308          19343190 
     19710309          20496100 
     19710310          17220450 
     19710311          19837940 
     19710312          14678915 
     19710315          18926180 
     19710316          22271280 
     19710317          17073590 
     19710318          17915160 
     19710319          15155741 
     19710322          14299010 
     19710323          16471510 
     19710324          15776450 
     19710325          15875720 
     19710326          15566360 
     19710329          13647982 
     19710330          15456030 
     19710331          17606310 
     19710401          13474630 
     19710402          14520800 
     19710405          16048230 
     19710406          19975440 
     19710407          22272320 
     19710408          17590700 
     19710412          19416560 
     19710413          23200730 
     19710414          19447240 
     19710415          22544580 
     19710416          18287356 
     19710419          17723520 
     19710420          17890810 
     19710421          17047273 
     19710422          19271810 
     19710423          20158260 
     19710426          18866160 
     19710427          21255970 
     19710428          24821290 
     19710429          20347703 
     19710430          17490040 
     19710503          16121100 
     19710504          17316650 
     19710505          17264753 
     19710506          19294270 
     19710507          16489860 
     19710510          12814450 
     19710511          17732948 
     19710512          15148790 
     19710513          17640650 
     19710514          16464840 
     19710517          15978740 
     19710518          17647040 
     19710519          11734260 
     19710520          13335800 
     19710521          12096470 
     19710524          12067850 
     19710525          16056920 
     19710526          13534900 
     19710527          12645690 
     19710528          11760810 
     19710601          11930360 
     19710602          17740480 
     19710603          18798800 
     19710604          14406750 
     19710607          13801200 
     19710608          13608840 
     19710609          14257400 
     19710610          12449460 
     19710611          12269930 
     19710614          11540070 
     19710615          13556920 
     19710616          14309540 
     19710617          13987960 
     19710618          15038760 
     19710621          16493920 
     19710622          15194270 
     19710623          12642280 
     19710624          11361450 
     19710625          10586120 
     19710628           9804650 
     19710629          14462440 
     19710630          15410140 
     19710701          13078940 
     19710702           9967000 
     19710706          10413211 
     19710707          14525470 
     19710708          13923090 
     19710709          12646370 
     19710712          12027330 
     19710713          13541440 
     19710714          14379800 
     19710715          13085010 
     19710716          13879400 
     19710719          11429580 
     19710720          12542780 
     19710721          11920410 
     19710722          12577400 
     19710723          12374900 
     19710726           9940130 
     19710727          11563912 
     19710728          13941615 
     19710729          14576180 
     19710730          12974200 
     19710802          11880780 
     19710803          13512080 
     19710804          15411450 
     19710805          12103050 
     19710806           9495880 
     19710809           8116800 
     19710810           9469380 
     19710811          11368930 
     19710812          15914333 
     19710813           9963750 
     19710816          31730960 
     19710817          26793630 
     19710818          20675570 
     19710819          14189860 
     19710820          11899548 
     19710823          13046020 
     19710824          18706530 
     19710825          18288880 
     19710826          13999170 
     19710827          12498590 
     19710830          11119020 
     19710831          10436890 
     19710901          10776470 
     19710902          10694120 
     19710903          14038110 
     19710907          17087480 
     19710908          14232960 
     19710909          15784330 
     19710910          11382850 
     19710913          10003500 
     19710914          11410790 
     19710915          11078360 
     19710916          10548310 
     19710917          11027950 
     19710920           9546740 
     19710921          10650730 
     19710922          14254820 
     19710923          13255750 
     19710924          13465840 
     19710927          10224820 
     19710928          11256140 
     19710929           8584590 
     19710930          13493950 
     19711001          13405620 
     19711004          14579850 
     19711005          12368330 
     19711006          15631680 
     19711007          17769280 
     19711008          13871950 
     19711011           7802420 
     19711012          14341880 
     19711013          13548770 
     19711014          12869190 
     19711015          13124390 
     19711018          10427380 
     19711019          13046390 
     19711020          16347070 
     19711021          14989850 
     19711022          14553290 
     19711025           7348650 
     19711026          13379060 
     19711027          13497950 
     19711028          15530780 
     19711029          11714370 
     19711101          10965230 
     19711102          13334410 
     19711103          14590680 
     19711104          15754620 
     19711105          10793480 
     19711108           8521010 
     19711109          12057700 
     19711110          13419990 
     19711111          13315150 
     19711112          14548830 
     19711115           9379880 
     19711116          13300280 
     19711117          12841550 
     19711118          13014400 
     19711119          12421390 
     19711122          11362880 
     19711123          16838480 
     19711124          11872070 
     19711126          10870680 
     19711129          18898710 
     19711130          18323270 
     19711201          21042490 
     19711202          17789490 
     19711203          16763010 
     19711206          17480580 
     19711207          15248930 
     19711208          16652430 
     19711209          14710105 
     19711210          17515270 
     19711213          17027000 
     19711214          16059400 
     19711215          16891730 
     19711216          21080700 
     19711217          18274730 
     19711220          23816760 
     19711221          20467880 
     19711222          18937940 
     19711223          16005965 
     19711227          11896870 
     19711228          15086060 
     19711229          17150006 
     19711230          13811200 
     19711231          14048520 
     19720103          12571800 
     19720104          15197180 
     19720105          21355680 
     19720106          21118860 
     19720107          17129800 
     19720110          15316780 
     19720111          17975120 
     19720112          20971130 
     19720113          16414960 
     19720114          14963500 
     19720117          15865130 
     19720118          21068950 
     19720119          18803480 
     19720120          20210530 
     19720121          18818730 
     19720124          15618880 
     19720125          17566470 
     19720126          14948510 
     19720127          20360640 
     19720128          24999390 
     19720131          18243780 
     19720201          19609710 
     19720202          24077230 
     19720203          19879660 
     19720204          17892170 
     19720207          16934790 
     19720208          17399360 
     19720209          19858760 
     19720210          23462290 
     19720211          17852330 
     19720214          15840040 
     19720215          17773510 
     19720216          20674140 
     19720217          22335900 
     19720218          16593140 
     19720222          16669670 
     19720223          16777840 
     19720224          16005430 
     19720225          18186150 
     19720228          18199290 
     19720229          20320080 
     19720301          23679740 
     19720302          22204810 
     19720303          20417930 
     19720306          21003780 
     19720307          22646200 
     19720308          21291110 
     19720309          21463900 
     19720310          19697430 
     19720313          16724570 
     19720314          22376960 
     19720315          19457340 
     19720316          16702580 
     19720317          16039640 
     19720320          16427790 
     19720321          18613330 
     19720322          15400160 
     19720323          18380920 
     19720324          15396810 
     19720327          12183130 
     19720328          15388140 
     19720329          13870550 
     19720330          14361510 
     19720403          14996960 
     19720404          18112380 
     19720405          22966970 
     19720406          22830980 
     19720407          19906330 
     19720410          19473990 
     19720411          19931010 
     19720412          24672166 
     19720413          17989780 
     19720414          17466890 
     19720417          15391650 
     19720418          19417990 
     19720419          19185960 
     19720420          18182900 
     19720421          18194120 
     19720424          14650400 
     19720425          17032500 
     19720426          17713060 
     19720427          15738970 
     19720428          14175070 
     19720501          12889630 
     19720502          15372900 
     19720503          15910010 
     19720504          14793320 
     19720505          13211000 
     19720508          11250810 
     19720509          19916290 
     19720510          13873470 
     19720511          12904260 
     19720512          13997210 
     19720515          13602280 
     19720516          14080360 
     19720517          13604930 
     19720518          17374860 
     19720522          16030148 
     19720523          16412530 
     19720524          17871480 
     19720525          16480360 
     19720526          15734430 
     19720530          15810850 
     19720531          15232780 
     19720601          14917830 
     19720602          15405960 
     19720605          13449870 
     19720606          15981750 
     19720607          15224030 
     19720608          13815320 
     19720609          12788930 
     19720612          13396560 
     19720613          15718340 
     19720614          18329680 
     19720615          16922180 
     19720616          13012310 
     19720619          11657740 
     19720620          14978070 
     19720621          15520430 
     19720622          13408240 
     19720623          13939200 
     19720626          12728160 
     19720627          13752319 
     19720628          12137104 
     19720629          14614640 
     19720630          12864520 
     19720703           8144490 
     19720705          14710200 
     19720706          19518760 
     19720707          12901552 
     19720710          11708720 
     19720711          12836970 
     19720712          16156910 
     19720713          14748940 
     19720714          13913440 
     19720717          13141140 
     19720718          16828810 
     19720719          17886770 
     19720720          15107740 
     19720721          14008960 
     19720724          18022080 
     19720725          17180860 
     19720726          14130630 
     19720727          13872330 
     19720728          13051200 
     19720731          11123680 
     19720801          15541180 
     19720802          17925720 
     19720803          19978790 
     19720804          15706030 
     19720807          13229150 
     19720808          14554962 
     19720809          15728090 
     19720810          15263670 
     19720811          16574270 
     19720814          18875070 
     19720815          16663920 
     19720816          14959640 
     19720817          14353610 
     19720818          16153070 
     19720821          14282340 
     19720822          18562320 
     19720823          18676730 
     19720824          18282520 
     19720825          13839960 
     19720828          10717565 
     19720829          12303060 
     19720830          12476120 
     19720831          12349220 
     19720901          11600710 
     19720905          10639560 
     19720906          12017456 
     19720907          11092264 
     19720908          10975670 
     19720911          10718940 
     19720912          13565800 
     19720913          13077540 
     19720914          12502961 
     19720915          11690030 
     19720918           8883680 
     19720919          13402330 
     19720920          11963670 
     19720921          11932440 
     19720922          12576360 
     19720925          10908700 
     19720926          13153480 
     19720927          14626610 
     19720928          14711280 
     19720929          16235730 
     19721002          12435820 
     19721003          13093060 
     19721004          16647770 
     19721005          17739110 
     19721006          16633340 
     19721009           7945020 
     19721010          13314440 
     19721011          11902130 
     19721012          13136210 
     19721013          12873070 
     19721016          10948060 
     19721017          13416820 
     19721018          17262680 
     19721019          13858920 
     19721020          15745910 
     19721023          14198690 
     19721024          15246980 
     19721025          17434530 
     19721026          20820612 
     19721027          15471600 
     19721030          11822300 
     19721031          15452900 
     19721101          21363110 
     19721102          20693040 
     19721103          22508730 
     19721106          21332040 
     19721108          24633950 
     19721109          17046140 
     19721110          24363940 
     19721113          17203840 
     19721114          20191290 
     19721115          23270990 
     19721116          19577810 
     19721117          20244410 
     19721120          16676100 
     19721121          22118520 
     19721122          24511250 
     19721124          15763320 
     19721127          18191930 
     19721128          19215530 
     19721129          17403600 
     19721130          19344650 
     19721201          22575616 
     19721204          19733330 
     19721205          17827430 
     19721206          18611090 
     19721207          19296160 
     19721208          18031761 
     19721211          17227030 
     19721212          17039810 
     19721213          16542280 
     19721214          17938200 
     19721215          18291720 
     19721218          17545550 
     19721219          16997600 
     19721220          18493010 
     19721221          18285130 
     19721222          12547970 
     19721226          11124600 
     19721227          19106350 
     19721229          27554790 
     19730102          17089850 
     19730103          20621150 
     19730104          20229690 
     19730105          19339730 
     19730108          16835670 
     19730109          16826950 
     19730110          20888430 
     19730111          25053480 
     19730112          22235430 
     19730115          21519470 
     19730116          19168650 
     19730117          17683110 
     19730118          17813450 
     19730119          17022310 
     19730122          15565330 
     19730123          19060920 
     19730124          20871040 
     19730126          21139070 
     19730129          14681620 
     19730130          15278090 
     19730131          14878370 
     19730201          20665670 
     19730202          17476200 
     19730205          14587770 
     19730206          15728230 
     19730207          17964330 
     19730208          18441920 
     19730209          19261200 
     19730212          16138300 
     19730213          25333660 
     19730214          16525060 
     19730215          13965520 
     19730216          13332410 
     19730220          14020070 
     19730221          14892170 
     19730222          14573490 
     19730223          15449840 
     19730226          15864970 
     19730227          16134660 
     19730228          17949510 
     19730301          18209990 
     19730302          17718280 
     19730305          13724593 
     19730306          17712050 
     19730307          19308010 
     19730308          15096950 
     19730309          14069640 
     19730312          12811300 
     19730313          14209842 
     19730314          14459950 
     19730315          14449840 
     19730316          15125980 
     19730319          12462620 
     19730320          13254290 
     19730321          16093930 
     19730322          17131100 
     19730323          18469530 
     19730326          14970740 
     19730327          17498770 
     19730328          15846540 
     19730329          16052030 
     19730330          13736670 
     19730402          10644836 
     19730403          12908560 
     19730404          11889140 
     19730405          12745680 
     19730406          13885590 
     19730409          13742738 
     19730410          16774290 
     19730411          14894870 
     19730412          16365035 
     19730413          14396572 
     19730416          11351740 
     19730417          12828290 
     19730418          13889802 
     19730419          14556323 
     19730423          12577190 
     19730424          13826190 
     19730425          15960840 
     19730426          16208640 
     19730427          13733485 
     19730430          14820572 
     19730501          15378700 
     19730502          14377720 
     19730503          17762890 
     19730504          19511490 
     19730507          12502870 
     19730508          13727042 
     19730509          16054931 
     19730510          13521360 
     19730511          12980850 
     19730514          13498770 
     19730515          18526900 
     19730516          13799270 
     19730517          13055070 
     19730518          17083510 
     19730521          20693420 
     19730522          18017820 
     19730523          14948620 
     19730524          17313480 
     19730525          19274400 
     19730529          11299810 
     19730530          11731607 
     19730531          12184310 
     19730601          10405440 
     19730604          11233580 
     19730605          14081180 
     19730606          13080340 
     19730607          14167850 
     19730608          14052490 
     19730611           9939360 
     19730612          13835337 
     19730613          15704633 
     19730614          13213850 
     19730615          11973335 
     19730618          11454185 
     19730619          12970030 
     19730620          10596370 
     19730621          11634324 
     19730622          18470540 
     19730625          11668550 
     19730626          14044100 
     19730627          12663492 
     19730628          12766698 
     19730629          10768700 
     19730702           9820120 
     19730703          10561460 
     19730705          10496210 
     19730706           9979670 
     19730709          11556870 
     19730710          15094750 
     19730711          18726600 
     19730712          16401010 
     19730713          11389410 
     19730716          12920360 
     19730717          18751840 
     19730718          17011950 
     19730719          18643090 
     19730720          16299180 
     19730723          15579000 
     19730724          16285850 
     19730725          22219610 
     19730726          18410290 
     19730727          12907830 
     19730730          11171360 
     19730731          13535100 
     19730801          13532930 
     19730802          12084498 
     19730803           9942020 
     19730806          12319020 
     19730807          13511870 
     19730808          12442720 
     19730809          12885020 
     19730810          10871160 
     19730813          11332050 
     19730814          11732270 
     19730815          12044300 
     19730816          12990260 
     19730817          11113290 
     19730820           8970000 
     19730821          11483040 
     19730822          10769330 
     19730823          11392810 
     19730824          11199280 
     19730827           9742249 
     19730828          11809730 
     19730829          15689380 
     19730830          12107020 
     19730831          10540920 
     19730903                   
     19730904          14211900 
     19730905          14584680 
     19730906          15669230 
     19730907          14937970 
     19730910          11618920 
     19730911          12692100 
     19730912          12041610 
     19730913          11669960 
     19730914          13758900 
     19730917          15101720 
     19730918          16389830 
     19730919          24569530 
     19730920          25961950 
     19730921          23760030 
     19730924          19486570 
     19730925          21535160 
     19730926          21128650 
     19730927          23662740 
     19730928          16296710 
     19731001          15827410 
     19731002          20771110 
     19731003          22042132 
     19731004          19734550 
     19731005          18822290 
     19731008          18985160 
     19731009          19443090 
     19731010          18995960 
     19731011          20736287 
     19731012          22727510 
     19731015          16163000 
     19731016          18780200 
     19731017          18601395 
     19731018          19213910 
     19731019          17881280 
     19731022          14288280 
     19731023          17230109 
     19731024          15842960 
     19731025          15579493 
     19731026          17797410 
     19731029          17961340 
     19731030          17584590 
     19731031          17891000 
     19731101          16916710 
     19731102          16360738 
     19731105          17147640 
     19731106          16434250 
     19731107          16563510 
     19731108          19648000 
     19731109          17318233 
     19731112          19255630 
     19731113          20312735 
     19731114          22716105 
     19731115          24531510 
     19731116          22510130 
     19731119          16704160 
     19731120          23959874 
     19731121          24258237 
     19731123          11467880 
     19731126          19829310 
     19731127          19745970 
     19731128          19993130 
     19731129          18870120 
     19731130          15381320 
     19731203          17906510 
     19731204          19035550 
     19731205          19183660 
     19731206          23269920 
     19731207          23227160 
     19731210          18589630 
     19731211          20103564 
     19731212          18190570 
     19731213          18131970 
     19731214          19997630 
     19731217          12937990 
     19731218          19490860 
     19731219          20665930 
     19731220          17433050 
     19731221          18718050 
     19731224          11542540 
     19731226          18619190 
     19731227          22718855 
     19731228          21309760 
     19731231          23469330 
     19740102          12062310 
     19740103          24854760 
     19740104          21702200 
     19740107          19063830 
     19740108          18077170 
     19740109          18066300 
     19740110          16116319 
     19740111          15142010 
     19740114          14613970 
     19740115          13245110 
     19740116          14927940 
     19740117          21039070 
     19740118          16466720 
     19740121          15629760 
     19740122          17328810 
     19740123          16892310 
     19740124          15979480 
     19740125          14863870 
     19740128          13411420 
     19740129          12849160 
     19740130          16786850 
     19740131          14019310 
     19740201          12482350 
     19740204          14384260 
     19740205          12819010 
     19740206          11611380 
     19740207          11745350 
     19740208          12995760 
     19740211          12929820 
     19740212          12925220 
     19740213          10989130 
     19740214          12235080 
     19740215          12638950 
     19740219          15943510 
     19740220          11674610 
     19740221          13931340 
     19740222          16359970 
     19740225          12899770 
     19740226          15857440 
     19740227          18721790 
     19740228          13684960 
     19740301          12877690 
     19740304          12276190 
     19740305          21992980 
     19740306          19142110 
     19740307          14502180 
     19740308          16207670 
     19740311          18469680 
     19740312          17255570 
     19740313          16829670 
     19740314          19774380 
     19740315          14482960 
     19740318          14006390 
     19740319          12820470 
     19740320          12954290 
     19740321          12955070 
     19740322          11298410 
     19740325          10537250 
     19740326          11836640 
     19740327          11693170 
     19740328          14943430 
     19740329          12151960 
     19740401          11468260 
     19740402          12008160 
     19740403          11497620 
     19740404          11647270 
     19740405          11676700 
     19740408          10736790 
     19740409          11327530 
     19740410          11157780 
     19740411           9967940 
     19740415          10130720 
     19740416          14526790 
     19740417          14033040 
     19740418          12470820 
     19740419          10710410 
     19740422          10521320 
     19740423          14110210 
     19740424          16014540 
     19740425          15870130 
     19740426          13246220 
     19740429          10172520 
     19740430          10988930 
     19740501          15119060 
     19740502          13626090 
     19740503          11083350 
     19740506           9449010 
     19740507          10703820 
     19740508          11843560 
     19740509          14713995 
     19740510          15276540 
     19740513          11294500 
     19740514          10882080 
     19740515          11235790 
     19740516          12088380 
     19740517          13868970 
     19740520          10546020 
     19740521          12192960 
     19740522          15467085 
     19740523          14806930 
     19740524          13737450 
     19740528          10632620 
     19740529          12299260 
     19740530          13582330 
     19740531          10810330 
     19740603          12487440 
     19740604          16035520 
     19740605          13679100 
     19740606          13357370 
     19740607          19023670 
     19740610          13538980 
     19740611          12381440 
     19740612          11146176 
     19740613          11548710 
     19740614          10033680 
     19740617           9682620 
     19740618          10113590 
     19740619          10547700 
     19740620          11987340 
     19740621          11832920 
     19740624           9965960 
     19740625          11924250 
     19740626          11406680 
     19740627          12651780 
     19740628          12011160 
     19740701          10272080 
     19740702          13458160 
     19740703          13429670 
     19740705           7402450 
     19740708          15512190 
     19740709          15576640 
     19740710          13491937 
     19740711          14639607 
     19740712          17768830 
     19740715          13558990 
     19740716           9920220 
     19740717          11316220 
     19740718          13976660 
     19740719          11083750 
     19740722           9282370 
     19740723          12916950 
     19740724          12873280 
     19740725          13308550 
     19740726          10420580 
     19740729          11561130 
     19740730          11358570 
     19740731          10963640 
     19740801          11467270 
     19740802          10108400 
     19740805          11231720 
     19740806          15774910 
     19740807          13375830 
     19740808          16064800 
     19740809          10159660 
     19740812           7776030 
     19740813          10143410 
     19740814          11753170 
     19740815          11131940 
     19740816          10509940 
     19740819          11674170 
     19740820          13823280 
     19740821          11650660 
     19740822          15689350 
     19740823          13590640 
     19740826          14625330 
     19740827          12972740 
     19740828          16670400 
     19740829          13685300 
     19740830          16227410 
     19740903          12755020 
     19740904          16932240 
     19740905          14205560 
     19740906          15131260 
     19740909          11158810 
     19740910          11981450 
     19740911          11822290 
     19740912          16922690 
     19740913          16070168 
     19740916          18369970 
     19740917          13725860 
     19740918          11766820 
     19740919          16987500 
     19740920          16249860 
     19740923          12134040 
     19740924           9841565 
     19740925          17620680 
     19740926           9056230 
     19740927          12230935 
     19740930          14997730 
     19741001          16897380 
     19741002          12233600 
     19741003          13153810 
     19741004          15907450 
     19741007          14995710 
     19741008          15456290 
     19741009          18817110 
     19741010          26364850 
     19741011          20095295 
     19741014          19775295 
     19741015          17377300 
     19741016          14793480 
     19741017          14480440 
     19741018          16461360 
     19741021          14497090 
     19741022          18931600 
     19741023          14195460 
     19741024          14906430 
     19741025          12647900 
     19741028          10541110 
     19741029          15605720 
     19741030          20132810 
     19741031          18843305 
     19741101          13494540 
     19741104          12738660 
     19741105          15961780 
     19741106          23934100 
     19741107          17150010 
     19741108          15891060 
     19741111          13221440 
     19741112          15044760 
     19741113          16039390 
     19741114          13544620 
     19741115          12483890 
     19741118          15230470 
     19741119          15716930 
     19741120          12428250 
     19741121          13816450 
     19741122          13015510 
     19741125          11298350 
     19741126          13596510 
     19741127          14809550 
     19741129           7403160 
     19741202          11142680 
     19741203          13620340 
     19741204          12585340 
     19741205          12887130 
     19741206          15495620 
     19741209          14661370 
     19741210          15690250 
     19741211          15700320 
     19741212          15387960 
     19741213          14002860 
     19741216          15366950 
     19741217          16880090 
     19741218          18050730 
     19741219          15896530 
     19741220          15837970 
     19741223          18042920 
     19741224           9538050 
     19741226          11808900 
     19741227          13058386 
     19741230          18522000 
     19741231          20967050 
     19750102          14797450 
     19750103          15269200 
     19750106          17548540 
     19750107          14887900 
     19750108          15597000 
     19750109          16332340 
     19750110          25889820 
     19750113          19775460 
     19750114          16610600 
     19750115          16583000 
     19750116          17111030 
     19750117          14262930 
     19750120          13445940 
     19750121          14779880 
     19750122          15326790 
     19750123          17957480 
     19750124          20667550 
     19750127          32127070 
     19750128          31759600 
     19750129          27415180 
     19750130          29743256 
     19750131          24644380 
     19750203          25399660 
     19750204          25046070 
     19750205          25829850 
     19750206          32020110 
     19750207          19063110 
     19750210          16120610 
     19750211          16473380 
     19750212          19787740 
     19750213          35158320 
     19750214          23292550 
     19750218          23988960 
     19750219          22192778 
     19750220          22255650 
     19750221          24448120 
     19750224          19146610 
     19750225          20907110 
     19750226          18800810 
     19750227          16248730 
     19750228          17557790 
     19750303          24097030 
     19750304          34133840 
     19750305          24122650 
     19750306          21781920 
     19750307          25934670 
     19750310          25888620 
     19750311          31276690 
     19750312          21558870 
     19750313          18623450 
     19750314          24845800 
     19750317          26776130 
     19750318          29175770 
     19750319          19029200 
     19750320          20953360 
     19750321          15943760 
     19750324          17809740 
     19750325          18497000 
     19750326          18585520 
     19750327          18297450 
     19750331          16271700 
     19750401          14475586 
     19750402          15599830 
     19750403          13916410 
     19750404          14138030 
     19750407          13862570 
     19750408          14317980 
     19750409          18123460 
     19750410          24990000 
     19750411          20160620 
     19750414          26804470 
     19750415          29615070 
     19750416          22975020 
     19750417          32645700 
     19750418          22614890 
     19750421          23956130 
     19750422          26123710 
     19750423          20039840 
     19750424          19046270 
     19750425          20262610 
     19750428          17846590 
     19750429          17738270 
     19750430          18063160 
     19750501          20660420 
     19750502          25209830 
     19750505          22389130 
     19750506          25406560 
     19750507          22254110 
     19750508          22978270 
     19750509          28439940 
     19750512          22409270 
     19750513          24945420 
     19750514          29048070 
     19750515          27692060 
     19750516          16631500 
     19750519          17868180 
     19750520          18314650 
     19750521          17640860 
     19750522          17612320 
     19750523          17867830 
     19750527          17046130 
     19750528          21856170 
     19750529          18570990 
     19750530          22673940 
     19750602          28235310 
     19750603          26563150 
     19750604          24898360 
     19750605          21608400 
     19750606          22196820 
     19750609          20666710 
     19750610          21125550 
     19750611          18229300 
     19750612          15966010 
     19750613          16299190 
     19750616          16660990 
     19750617          19440400 
     19750618          15593130 
     19750619          21450490 
     19750620          26265120 
     19750623          20723610 
     19750624          26618730 
     19750625          21607410 
     19750626          24564290 
     19750627          18822450 
     19750630          19438580 
     19750701          20389330 
     19750702          18525510 
     19750703          18997790 
     19750707          15843990 
     19750708          18987930 
     19750709          26352190 
     19750710          28878950 
     19750711          22211110 
     19750714          21900700 
     19750715          28339390 
     19750716          25249390 
     19750717          21424850 
     19750718          16871990 
     19750721          16692750 
     19750722          20659750 
     19750723          20151630 
     19750724          20547010 
     19750725          15107070 
     19750728          14853210 
     19750729          18998820 
     19750730          16149790 
     19750731          14541390 
     19750801          13317120 
     19750804          12616890 
     19750805          15466820 
     19750806          16273870 
     19750807          12356120 
     19750808          11658410 
     19750811          12350290 
     19750812          14506450 
     19750813          12005140 
     19750814          12457240 
     19750815          10613350 
     19750818          10809830 
     19750819          14992090 
     19750820          18635060 
     19750821          16606990 
     19750822          13046610 
     19750825          11245750 
     19750826          11353880 
     19750827          11107220 
     19750828          14532790 
     19750829          15480570 
     19750902          11461610 
     19750903          12262740 
     19750904          12806480 
     19750905          11675760 
     19750908          11496370 
     19750909          15788580 
     19750910          14781340 
     19750911          11096230 
     19750912          12232460 
     19750915           8670400 
     19750916          13090960 
     19750917          12194620 
     19750918          14555110 
     19750919          20824540 
     19750922          14753060 
     19750923          12797180 
     19750924          16058350 
     19750925          12887930 
     19750926          12573870 
     19750929          10580670 
     19750930          12521690 
     19751001          14068640 
     19751002          14289090 
     19751003          16362550 
     19751006          15471860 
     19751007          13526110 
     19751008          17802132 
     19751009          17768440 
     19751010          14900570 
     19751013          12019120 
     19751014          19959795 
     19751015          14436630 
     19751016          18910000 
     19751017          15650450 
     19751020          13250960 
     19751021          20796430 
     19751022          16055890 
     19751023          17886550 
     19751024          18115860 
     19751027          13103500 
     19751028          17059620 
     19751029          16107840 
     19751030          15083930 
     19751031          12915190 
     19751103          11400210 
     19751104          11574860 
     19751105          17392050 
     19751106          18596330 
     19751107          15936140 
     19751110          14927231 
     19751111          14645460 
     19751112          23961470 
     19751113          25070070 
     19751114          16458610 
     19751117          17660510 
     19751118          20764580 
     19751119          16827250 
     19751120          16456980 
     19751121          14109560 
     19751124          13931620 
     19751125          17491660 
     19751126          18781550 
     19751128          12870360 
     19751201          16046470 
     19751202          17934950 
     19751203          21317730 
     19751204          16377110 
     19751205          14054670 
     19751208          14157740 
     19751209          16036070 
     19751210          15678800 
     19751211          15295610 
     19751212          13097700 
     19751215          13956860 
     19751216          18353180 
     19751217          16556600 
     19751218          18038660 
     19751219          17720090 
     19751222          15336200 
     19751223          17752030 
     19751224          11149590 
     19751226          10015600 
     19751229          17066690 
     19751230          16037080 
     19751231          16973050 
     19760102          10300820 
     19760105          21962490 
     19760106          31274480 
     19760107          33175070 
     19760108          29030360 
     19760109          26505650 
     19760112          30434850 
     19760113          34536420 
     19760114          30340090 
     19760115          38451260 
     19760116          25943890 
     19760119          29457960 
     19760120          36693300 
     19760121          34466450 
     19760122          27411400 
     19760123          33639460 
     19760126          34467480 
     19760127          32072170 
     19760128          27365530 
     19760129          29817050 
     19760130          38508470 
     19760202          23998530 
     19760203          34081760 
     19760204          38269820 
     19760205          33781800 
     19760206          27356750 
     19760209          25338350 
     19760210          27660430 
     19760211          32302480 
     19760212          28613990 
     19760213          23872520 
     19760217          25457440 
     19760218          29886930 
     19760219          39214030 
     19760220          44512860 
     19760223          31463320 
     19760224          34389900 
     19760225          34676760 
     19760226          34320440 
     19760227          26937480 
     19760301          22065920 
     19760302          25592530 
     19760303          25448940 
     19760304          24406190 
     19760305          23029130 
     19760308          25058580 
     19760309          31771300 
     19760310          25896580 
     19760311          27306080 
     19760312          26015180 
     19760315          19567660 
     19760316          22783570 
     19760317          26188380 
     19760318          20326690 
     19760319          18085350 
     19760322          19410380 
     19760323          22442630 
     19760324          32605470 
     19760325          22514650 
     19760326          18506470 
     19760329          16095360 
     19760330          17934230 
     19760331          17525760 
     19760401          17908340 
     19760402          17418320 
     19760405          21944480 
     19760406          24168800 
     19760407          20190360 
     19760408          20864100 
     19760409          19060340 
     19760412          16033080 
     19760413          15989460 
     19760414          18434940 
     19760415          15097300 
     19760419          16502140 
     19760420          23486690 
     19760421          26601230 
     19760422          20209880 
     19760423          16984930 
     19760426          15516880 
     19760427          17762500 
     19760428          15788350 
     19760429          17752130 
     19760430          14528550 
     19760503          15178680 
     19760504          17236870 
     19760505          14970000 
     19760506          16197900 
     19760507          17811910 
     19760510          22756320 
     19760511          23587850 
     19760512          18511420 
     19760513          16729550 
     19760514          16797560 
     19760517          14715650 
     19760518          17405890 
     19760519          18450550 
     19760520          22555100 
     19760521          18729650 
     19760524          16561920 
     19760525          18766010 
     19760526          16749940 
     19760527          15310530 
     19760528          16858190 
     19760601          13881440 
     19760602          16114520 
     19760603          18896170 
     19760604          15959390 
     19760607          14508860 
     19760608          16672370 
     19760609          14564930 
     19760610          16094640 
     19760611          19471370 
     19760614          21249610 
     19760615          18434770 
     19760616          21617480 
     19760617          27798620 
     19760618          25720200 
     19760621          18933140 
     19760622          21156400 
     19760623          17532530 
     19760624          19824390 
     19760625          17830180 
     19760628          17494560 
     19760629          19626680 
     19760630          23826850 
     19760701          21128540 
     19760702          16728560 
     19760706          16128360 
     19760707          18472230 
     19760708          21711290 
     19760709          23500870 
     19760712          23750190 
     19760713          27547710 
     19760714          23843760 
     19760715          20402690 
     19760716          20450510 
     19760719          18201270 
     19760720          18809140 
     19760721          18346020 
     19760722          15602550 
     19760723          15868940 
     19760726          13530920 
     19760727          15583370 
     19760728          16007510 
     19760729          13327380 
     19760730          14836290 
     19760802          13866200 
     19760803          18502740 
     19760804          20647140 
     19760805          15533320 
     19760806          13926490 
     19760809          11694940 
     19760810          16693920 
     19760811          18706520 
     19760812          15559550 
     19760813          13924710 
     19760816          16211090 
     19760817          18497890 
     19760818          17152020 
     19760819          17225340 
     19760820          14915070 
     19760823          15445010 
     19760824          16740980 
     19760825          17399310 
     19760826          15274850 
     19760827          12117690 
     19760830          11140340 
     19760831          15483680 
     19760901          18642450 
     19760902          18919480 
     19760903          13277200 
     19760907          16313940 
     19760908          19752370 
     19760909          16541600 
     19760910          16943900 
     19760913          16103690 
     19760914          15546230 
     19760915          17574230 
     19760916          19625320 
     19760917          28270250 
     19760920          21731660 
     19760921          30300900 
     19760922          32973230 
     19760923          24214290 
     19760924          17404410 
     19760927          17429290 
     19760928          20439710 
     19760929          18092970 
     19760930          14701710 
     19761001          20624840 
     19761004          12625070 
     19761005          19198020 
     19761006          20847180 
     19761007          19829870 
     19761008          16741320 
     19761011          14618460 
     19761012          18212990 
     19761013          21693300 
     19761014          18611120 
     19761015          16210370 
     19761018          15713990 
     19761019          16197220 
     19761020          15849090 
     19761021          17983100 
     19761022          17870170 
     19761025          13311730 
     19761026          15486540 
     19761027          15791720 
     19761028          16915430 
     19761029          17032260 
     19761101          18386940 
     19761103          19346570 
     19761104          21703600 
     19761105          20774830 
     19761108          16524090 
     19761109          19213010 
     19761110          18893190 
     19761111          13226790 
     19761112          15553990 
     19761115          16712620 
     19761116          21014750 
     19761117          19900190 
     19761118          23999960 
     19761119          24552710 
     19761122          20928820 
     19761123          19093340 
     19761124          20422000 
     19761126          15004240 
     19761129          18754700 
     19761130          17029660 
     19761201          21962080 
     19761202          23298630 
     19761203          22638810 
     19761206          24832410 
     19761207          26142270 
     19761208          24563500 
     19761209          31797810 
     19761210          25963700 
     19761213          24832640 
     19761214          25129480 
     19761215          28302750 
     19761216          23919830 
     19761217          23885330 
     19761220          20687150 
     19761221          24389540 
     19761222          26972410 
     19761223          24560470 
     19761227          20134820 
     19761228          25786740 
     19761229          21909460 
     19761230          23698220 
     19761231          19172190 
     19770103          21281890 
     19770104          22735710 
     19770105          25014900 
     19770106          23927790 
     19770107          21720360 
     19770110          20859790 
     19770111          24102430 
     19770112          22666460 
     19770113          24783660 
     19770114          24482090 
     19770117          21068140 
     19770118          24380420 
     19770119          27119930 
     19770120          26506710 
     19770121          23930780 
     19770124          22888710 
     19770125          26340060 
     19770126          27834900 
     19770127          24360002 
     19770128          22697330 
     19770131          22917800 
     19770201          23701235 
     19770202          25701460 
     19770203          23790140 
     19770204          23133290 
     19770207          20699900 
     19770208          24044030 
     19770209          23645535 
     19770210          22342260 
     19770211          20509450 
     19770214          19223280 
     19770215          21624050 
     19770216          23434110 
     19770217          19042440 
     19770218          18047290 
     19770222          17728870 
     19770223          18244820 
     19770224          19733050 
     19770225          17618160 
     19770228          16218100 
     19770301          19477950 
     19770302          18014040 
     19770303          17561860 
     19770304          18950610 
     19770307          17402820 
     19770308          19523350 
     19770309          19679660 
     19770310          18618720 
     19770311          18234930 
     19770314          19296370 
     19770315          23999180 
     19770316          22145450 
     19770317          20697040 
     19770318          19842270 
     19770321          18040360 
     19770322          18662010 
     19770323          19362320 
     19770324          19653400 
     19770325          16554480 
     19770328          16707900 
     19770329          17025420 
     19770330          18809470 
     19770331          16512840 
     19770401          17047830 
     19770404          16247330 
     19770405          18329440 
     19770406          16580010 
     19770407          17258990 
     19770411          17654910 
     19770412          23761530 
     19770413          21795990 
     19770414          30493780 
     19770415          20222360 
     19770418          17829620 
     19770419          19509770 
     19770420          25088640 
     19770421          22738470 
     19770422          20700190 
     19770425          20435710 
     19770426          20035170 
     19770427          20587190 
     19770428          18372070 
     19770429          18328660 
     19770502          17999280 
     19770503          21949320 
     19770504          23325320 
     19770505          23446350 
     19770506          19373950 
     19770509          15229380 
     19770510          21094870 
     19770511          18983430 
     19770512          21977730 
     19770513          19779750 
     19770516          21173510 
     19770517          22278600 
     19770518          27793310 
     19770519          21284550 
     19770520          18949110 
     19770523          18286160 
     19770524          20054020 
     19770525          20715500 
     19770526          18623070 
     19770527          15736420 
     19770531          17802490 
     19770601          18320320 
     19770602          18620970 
     19770603          20328860 
     19770606          18937160 
     19770607          21111960 
     19770608          22202450 
     19770609          19929700 
     19770610          20629010 
     19770613          20253500 
     19770614          25386370 
     19770615          22636550 
     19770616          24319000 
     19770617          21957750 
     19770620          22950230 
     19770621          29738330 
     19770622          25067230 
     19770623          24332770 
     19770624          26491320 
     19770627          19868720 
     19770628          22664640 
     19770629          19003080 
     19770630          19416150 
     19770701          18149460 
     19770705          16854040 
     19770706          21232110 
     19770707          21742280 
     19770708          23823640 
     19770711          19787730 
     19770712          22472890 
     19770713          23159640 
     19770715          29122860 
     19770718          26891260 
     19770719          31936410 
     19770720          29379280 
     19770721          26884060 
     19770722          23114970 
     19770725          20445540 
     19770726          21395170 
     19770727          26436540 
     19770728          26340600 
     19770729          20346930 
     19770801          17916520 
     19770802          17917360 
     19770803          21118390 
     19770804          18874300 
     19770805          19938960 
     19770808          15865330 
     19770809          19902550 
     19770810          18279740 
     19770811          21738500 
     19770812          16866620 
     19770815          15744730 
     19770816          19333360 
     19770817          20929770 
     19770818          21040850 
     19770819          20798520 
     19770822          17867210 
     19770823          20286750 
     19770824          18171830 
     19770825          19397690 
     19770826          18481920 
     19770829          15275730 
     19770830          18224820 
     19770831          19082460 
     19770901          18819370 
     19770902          15617860 
     19770906          16133750 
     19770907          18072250 
     19770908          18288480 
     19770909          18109020 
     19770912          18696610 
     19770913          14917040 
     19770914          17326760 
     19770915          18225960 
     19770916          18344000 
     19770919          16889830 
     19770920          19033090 
     19770921          22202340 
     19770922          16666550 
     19770923          18752820 
     19770926          18231050 
     19770927          19079510 
     19770928          17964420 
     19770929          21159830 
     19770930          21169030 
     19771003          19457610 
     19771004          20882270 
     19771005          18297520 
     19771006          18473460 
     19771007          16259790 
     19771010          10581670 
     19771011          17875190 
     19771012          22429570 
     19771013          23865900 
     19771014          20414920 
     19771017          17339480 
     19771018          20125920 
     19771019          22029740 
     19771020          20524760 
     19771021          20228100 
     19771024          19219460 
     19771025          23600910 
     19771026          24862560 
     19771027          21915380 
     19771028          18067260 
     19771031          17072130 
     19771101          17166870 
     19771102          20759860 
     19771103          18094420 
     19771104          21697000 
     19771107          21273760 
     19771108          19214140 
     19771109          21325110 
     19771110          31980800 
     19771111          35260730 
     19771114          23215240 
     19771115          27745820 
     19771116          24950140 
     19771117          25111730 
     19771118          23944200 
     19771121          20115660 
     19771122          28597770 
     19771123          29150660 
     19771125          17908780 
     19771128          21576400 
     19771129          22949030 
     19771130          22668970 
     19771201          24227330 
     19771202          21160810 
     19771205          19163600 
     19771206          23768770 
     19771207          21051490 
     19771208          20411190 
     19771209          19200260 
     19771212          18490000 
     19771213          19190430 
     19771214          22110090 
     19771215          21613390 
     19771216          20266220 
     19771219          21145540 
     19771220          23251020 
     19771221          24508810 
     19771222          28108290 
     19771223          20081710 
     19771227          16754320 
     19771228          19671260 
     19771229          23613310 
     19771230          23566090 
     19780103          17723670 
     19780104          24093990 
     19780105          23574640 
     19780106          26147830 
     19780109          27996270 
     19780110          25185480 
     19780111          22880350 
     19780112          22727200 
     19780113          18010390 
     19780116          18756980 
     19780117          19356600 
     19780118          21403830 
     19780119          21497250 
     19780120           7579530 
     19780123          19378260 
     19780124          18687480 
     19780125          18687630 
     19780126          19597360 
     19780127          17600640 
     19780130          17388590 
     19780131          19875200 
     19780201          22243440 
     19780202          23046670 
     19780203          19400820 
     19780206          11634750 
     19780207          14734720 
     19780208          21300990 
     19780209          17942540 
     19780210          19479340 
     19780213          16806630 
     19780214          20466060 
     19780215          20171360 
     19780216          21576530 
     19780217          18498400 
     19780221          21862860 
     19780222          18453610 
     19780223          18730180 
     19780224          22506340 
     19780227          19997420 
     19780228          19751740 
     19780301          21014170 
     19780302          20289900 
     19780303          20120410 
     19780306          17232910 
     19780307          19901700 
     19780308          22040480 
     19780309          21820770 
     19780310          27092040 
     19780313          24069900 
     19780314          24302400 
     19780315          23332560 
     19780316          25413610 
     19780317          28472560 
     19780320          28361900 
     19780321          24413640 
     19780322          21949490 
     19780323          21290640 
     19780327          18869700 
     19780328          21596710 
     19780329          25446110 
     19780330          20462210 
     19780331          20132060 
     19780403          20234140 
     19780404          20131800 
     19780405          27261460 
     19780406          27359780 
     19780407          25173090 
     19780410          25741500 
     19780411          24301850 
     19780412          26217750 
     19780413          31578070 
     19780414          52278180 
     19780417          63492530 
     19780418          38967800 
     19780419          35063270 
     19780420          43227020 
     19780421          31538940 
     19780424          34524320 
     19780425          55802190 
     19780426          44449400 
     19780427          35473720 
     19780428          32853010 
     19780501          37021710 
     19780502          41401210 
     19780503          37595560 
     19780504          37521770 
     19780505          42682990 
     19780508          34676230 
     19780509          30858210 
     19780510          33331070 
     19780511          36640750 
     19780512          46597490 
     19780515          33925000 
     19780516          48166170 
     19780517          45490580 
     19780518          42270960 
     19780519          34362630 
     19780522          28683730 
     19780523          33233380 
     19780524          31456770 
     19780525          28411500 
     19780526          21413230 
     19780530          21039370 
     19780531          29069400 
     19780601          28751110 
     19780602          31861800 
     19780605          39590160 
     19780606          51977880 
     19780607          33055910 
     19780608          39375720 
     19780609          32468450 
     19780612          29336140 
     19780613          30764730 
     19780614          37294350 
     19780615          29277650 
     19780616          27699580 
     19780619          25502460 
     19780620          27921270 
     19780621          29109800 
     19780622          27172590 
     19780623          28533710 
     19780626          29252270 
     19780627          29277770 
     19780628          23265500 
     19780629          21664680 
     19780630          18107240 
     19780703          11565540 
     19780705          23739520 
     19780706          24989210 
     19780707          23490750 
     19780710          22472880 
     19780711          27467970 
     19780712          26642370 
     19780713          23621920 
     19780714          28369960 
     19780717          29184860 
     19780718          22860630 
     19780719          30849110 
     19780720          33340640 
     19780721          26066010 
     19780724          23274630 
     19780725          25395520 
     19780726          36823670 
     19780727          33965490 
     19780728          33306610 
     19780731          33987360 
     19780801          34807810 
     19780802          47497110 
     19780803          66370000 
     19780804          37917830 
     19780807          33347170 
     19780808          34296090 
     19780809          48792430 
     19780810          39753610 
     19780811          33546270 
     19780814          32319510 
     19780815          29777240 
     19780816          36125120 
     19780817          45273660 
     19780818          34655630 
     19780821          29442480 
     19780822          29619510 
     19780823          39628930 
     19780824          38496030 
     19780825          36189490 
     19780828          31762080 
     19780829          33782730 
     19780830          37755730 
     19780831          33848980 
     19780901          35066160 
     19780905          32177190 
     19780906          42605990 
     19780907          40299980 
     19780908          42069490 
     19780911          39663600 
     19780912          34409200 
     19780913          43329568 
     19780914          37404950 
     19780915          37292080 
     19780918          35834610 
     19780919          31655180 
     19780920          35078110 
     19780921          33651070 
     19780922          27959290 
     19780925          20974670 
     19780926          26327830 
     19780927          28373060 
     19780928          24327830 
     19780929          23615180 
     19781002          18517080 
     19781003          22542710 
     19781004          25097980 
     19781005          27808270 
     19781006          27389270 
     19781009          19718710 
     19781010          25474990 
     19781011          21738500 
     19781012          30167650 
     19781013          21928270 
     19781016          24601040 
     19781017          37873070 
     19781018          32969490 
     19781019          31813020 
     19781020          43665200 
     19781023          36094720 
     19781024          28876790 
     19781025          31381790 
     19781026          31988210 
     19781027          40362260 
     19781030          59478180 
     19781031          42724460 
     19781101          50448480 
     19781102          41026850 
     19781103          25994030 
     19781106          20450030 
     19781107          25318490 
     19781108          23555170 
     19781109          23327030 
     19781110          16750360 
     19781113          20962640 
     19781114          30621090 
     19781115          26276990 
     19781116          21342540 
     19781117          25173890 
     19781120          24435190 
     19781121          20756110 
     19781122          20011360 
     19781124          14593250 
     19781127          19790110 
     19781128          22744140 
     19781129          21157090 
     19781130          19900550 
     19781201          26825850 
     19781204          22022890 
     19781205          25663550 
     19781206          29683670 
     19781207          21178398 
     19781208          18557550 
     19781211          21009640 
     19781212          22207710 
     19781213          22484220 
     19781214          20850590 
     19781215          23644340 
     19781218          32904390 
     19781219          25961250 
     19781220          26524080 
     19781221          28680640 
     19781222          23787020 
     19781226          21471990 
     19781227          23584460 
     19781228          25442220 
     19781229          30028150 
     19790102          18346260 
     19790103          29173910 
     19790104          33309470 
     19790105          28890910 
     19790108          21440400 
     19790109          27200850 
     19790110          24972470 
     19790111          24559320 
     19790112          37123650 
     19790115          27514620 
     19790116          30335770 
     19790117          25310480 
     19790118          27264720 
     19790119          26802050 
     19790122          24385870 
     19790123          30177620 
     19790124          31713710 
     19790125          31445910 
     19790126          34235010 
     19790129          24175500 
     19790130          26909380 
     19790131          30332944 
     19790201          27924000 
     19790202          25354820 
     19790205          26488608 
     19790206          23572080 
     19790207          28447670 
     19790208          23361770 
     19790209          24323900 
     19790212          20610800 
     19790213          28470560 
     19790214          27221140 
     19790215          22555820 
     19790216          21105840 
     19790220          22013570 
     19790221          26050530 
     19790222          26299510 
     19790223          22751200 
     19790226          22615075 
     19790227          31473810 
     19790228          25093150 
     19790301          23841520 
     19790302          23132900 
     19790305          25964210 
     19790306          24497610 
     19790307          28940230 
     19790308          32002770 
     19790309          33411180 
     19790312          25752820 
     19790313          31169740 
     19790314          24647610 
     19790315          29373700 
     19790316          31766900 
     19790319          34624130 
     19790320          27176210 
     19790321          31117690 
     19790322          34364650 
     19790323          33576230 
     19790326          23420910 
     19790327          32931320 
     19790328          39924860 
     19790329          28508860 
     19790330          29973150 
     19790402          28969110 
     19790403          33528780 
     19790404          41942060 
     19790405          34544100 
     19790406          34715220 
     19790409          27301840 
     19790410          31902190 
     19790411          32874548 
     19790412          26780350 
     19790416          28049050 
     19790417          29266510 
     19790418          29514170 
     19790419          31124660 
     19790420          28830730 
     19790423          25615280 
     19790424          35543520 
     19790425          31746930 
     19790426          32413180 
     19790427          29626390 
     19790430          26437650 
     19790501          31053540 
     19790502          30510540 
     19790503          30858810 
     19790504          30631480 
     19790507          30485820 
     19790508          32724590 
     19790509          27671380 
     19790510          25229960 
     19790511          24012680 
     19790514          22460230 
     19790515          26190980 
     19790516          28351210 
     19790517          30545920 
     19790518          26594790 
     19790521          25553760 
     19790522          30313550 
     19790523          30393870 
     19790524          25702610 
     19790525          27766540 
     19790529          27038630 
     19790530          29251880 
     19790531          30309640 
     19790601          24569430 
     19790604          24038390 
     19790605          35051260 
     19790606          39834940 
     19790607          43377110 
     19790608          31470900 
     19790611          28267030 
     19790612          45443620 
     19790613          40747890 
     19790614          37843940 
     19790615          32926840 
     19790618          30966920 
     19790619          30776070 
     19790620          33793520 
     19790621          37099990 
     19790622          36408270 
     19790625          31301980 
     19790626          34678570 
     19790627          36720500 
     19790628          38468460 
     19790629          34682710 
     19790702          32060740 
     19790703          31669426 
     19790705          30290060 
     19790706          38569890 
     19790709          42464290 
     19790710          39731810 
     19790711          36644600 
     19790712          31774640 
     19790713          33069240 
     19790716          26617951 
     19790717          34266340 
     19790718          35947230 
     19790719          26782330 
     19790720          26372020 
     19790723          26862440 
     19790724          29690500 
     19790725          34894610 
     19790726          32278970 
     19790727          27770560 
     19790730          28638560 
     19790731          34383710 
     19790801          36573360 
     19790802          37728100 
     19790803          28163450 
     19790806          27186190 
     19790807          45412490 
     19790808          44967590 
     19790809          34630870 
     19790810          36737610 
     19790813          41979050 
     19790814          40912790 
     19790815          46139800 
     19790816          47010670 
     19790817          31627910 
     19790820          32299500 
     19790821          38857820 
     19790822          38452900 
     19790823          35715350 
     19790824          32726290 
     19790827          32055030 
     19790828          29434290 
     19790829          30813880 
     19790830          29283200 
     19790831          26374810 
     19790904          33353510 
     19790905          41649990 
     19790906          30355700 
     19790907          34366130 
     19790910          32995020 
     19790911          42535110 
     19790912          39352055 
     19790913          35237950 
     19790914          42005470 
     19790917          37610040 
     19790918          38747200 
     19790919          35374970 
     19790920          45100840 
     19790921          52380106 
     19790924          33790420 
     19790925          32413700 
     19790926          37704470 
     19790927          33115040 
     19790928          35959040 
     19791001          24977490 
     19791002          38319950 
     19791003          36472080 
     19791004          38804540 
     19791005          48254140 
     19791008          32613340 
     19791009          55565850 
     19791010          81618520 
     19791011          47552270 
     19791012          36385040 
     19791015          34849000 
     19791016          33762020 
     19791017          29657970 
     19791018          29589940 
     19791019          42430800 
     19791022          45241510 
     19791023          32911110 
     19791024          31481160 
     19791025          28448040 
     19791026          29667430 
     19791029          22720960 
     19791030          28893010 
     19791031          27780650 
     19791101          25885040 
     19791102          23683380 
     19791105          20464150 
     19791106          21962099 
     19791107          30828710 
     19791108          26267650 
     19791109          30064580 
     19791112          26657000 
     19791113          29242320 
     19791114          30954640 
     19791115          32370910 
     19791116          30060960 
     19791119          33085790 
     19791120          35008650 
     19791121          37015740 
     19791123          23303320 
     19791126          47943300 
     19791127          45141820 
     19791128          39690050 
     19791129          33555600 
     19791130          30479960 
     19791203          29031940 
     19791204          33525800 
     19791205          39332510 
     19791206          37505400 
     19791207          42375380 
     19791210          32266970 
     19791211          36160570 
     19791212          34662420 
     19791213          36696340 
     19791214          41816660 
     19791217          43834880 
     19791218          43298270 
     19791219          41785290 
     19791220          40385140 
     19791221          36156920 
     19791224          19154120 
     19791226          24951140 
     19791227          31395590 
     19791228          34421360 
     19791231          31534600 