       Date      Stock 
                Volume 
   19300102    2932720 
   19300103    2073350 
   19300104    1314890 
   19300106    2171740 
   19300107    2029290 
   19300108    1638830 
   19300109    2397330 
   19300110    2386190 
   19300111     873750 
   19300113    1452580 
   19300114    1883440 
   19300115    2630060 
   19300116    3043620 
   19300117    2679470 
   19300118    1330800 
   19300120    1692640 
   19300121    2233230 
   19300122    2305930 
   19300123    3229290 
   19300124    3480830 
   19300125    1526480 
   19300127    3458020 
   19300128    2912930 
   19300129    3245550 
   19300130    3645910 
   19300131    3739500 
   19300201    1925440 
   19300203    3798430 
   19300204    3224610 
   19300205    4362470 
   19300206    3708970 
   19300207    3391270 
   19300208    1657500 
   19300210    3165670 
   19300211    3321710 
   19300213    3668730 
   19300214    3513850 
   19300215    1696920 
   19300217    3289170 
   19300218    3795310 
   19300219    3484810 
   19300220    3661070 
   19300221    2566570 
   19300224    2320430 
   19300225    2632910 
   19300226    3017750 
   19300227    3310110 
   19300228    3209510 
   19300301    1806700 
   19300303    3634260 
   19300304    3455676 
   19300305    3715090 
   19300306    3349640 
   19300307    3634764 
   19300308    1690840 
   19300310    3993740 
   19300311    2635500 
   19300312    4470080 
   19300313    3853580 
   19300314    3950930 
   19300315    1530730 
   19300317    3639640 
   19300318    4247950 
   19300319    4336260 
   19300320    4262830 
   19300321    4629290 
   19300322    2314900 
   19300324    4126140 
   19300325    4526050 
   19300326    5029340 
   19300327    4707030 
   19300328    5065240 
   19300329    2791170 
   19300331    5161320 
   19300401    5395170 
   19300402    5312660 
   19300403    4633610 
   19300404    5931610 
   19300405    2524480 
   19300407    5490260 
   19300408    4689410 
   19300409    5189210 
   19300410    5681370 
   19300411    5626630 
   19300412    2119160 
   19300414    4149530 
   19300415    4218550 
   19300416    4397660 
   19300417    3942560 
   19300421    4491600 
   19300422    4589090 
   19300423    5568610 
   19300424    5232640 
   19300425    4725940 
   19300426    2315690 
   19300428    4852190 
   19300429    5410010 
   19300430    4553360 
   19300501    4640350 
   19300502    5986330 
   19300503    4867530 
   19300505    8279260 
   19300506    4755830 
   19300507    4295470 
   19300508    3755990 
   19300509    3009830 
   19300510    1880450 
   19300512    3026890 
   19300513    2697290 
   19300514    3179950 
   19300515    2675470 
   19300516    2086800 
   19300517     790950 
   19300519    2413930 
   19300520    3526770 
   19300521    2078400 
   19300522    1860220 
   19300523    2157520 
   19300524     960570 
   19300526    2246580 
   19300527    2258240 
   19300528    2405350 
   19300529    2204060 
   19300602    1710880 
   19300603    1750450 
   19300604    1694020 
   19300605    2392850 
   19300606    2154860 
   19300607    2246270 
   19300609    4646270 
   19300610    4773480 
   19300611    4477390 
   19300612    3901250 
   19300613    2221900 
   19300614    1255710 
   19300616    5657320 
   19300617    5018600 
   19300618    6425630 
   19300619    3762500 
   19300620    3656470 
   19300621    1966610 
   19300623    3836440 
   19300624    2865950 
   19300625    3395520 
   19300626    2272080 
   19300627    2081160 
   19300628     586590 
   19300630    1843050 
   19300701    2278850 
   19300702    1231130 
   19300703    1384250 
   19300707    1480640 
   19300708    1554710 
   19300709    1358020 
   19300710    2167050 
   19300711    1525570 
   19300712     906190 
   19300714    2737700 
   19300715    3091680 
   19300716    2585140 
   19300717    2497870 
   19300718    2750550 
   19300719     871570 
   19300721    1947070 
   19300722    2080740 
   19300723    2526850 
   19300724    1475240 
   19300725    1356170 
   19300726     994230 
   19300728    2425240 
   19300729    1849580 
   19300730    2507280 
   19300731    2162770 
   19300801    1090210 
   19300802     366090 
   19300804    1201810 
   19300805    1221490 
   19300806    1317370 
   19300807    1450890 
   19300808    3312520 
   19300809    1508440 
   19300811    1744700 
   19300812    2085440 
   19300813    2289210 
   19300814    1525480 
   19300815    2105840 
   19300816     974970 
   19300818    1413610 
   19300819    1861790 
   19300820    1817580 
   19300821    1712810 
   19300822    1335680 
   19300823     690170 
   19300825    1600230 
   19300826    1746950 
   19300827    2200190 
   19300828    1437210 
   19300829    1858820 
   19300902    1773920 
   19300903    1744520 
   19300904    1519440 
   19300905    1652140 
   19300906    1409270 
   19300908    2241450 
   19300909    1941910 
   19300910    2481420 
   19300911    1738640 
   19300912    1905860 
   19300913    1021750 
   19300915    1562960 
   19300916    1767910 
   19300917    1188580 
   19300918    1376990 
   19300919    2947780 
   19300920     832420 
   19300922    2332655 
   19300923    1922840 
   19300924    3442230 
   19300925    3067710 
   19300926    3704590 
   19300927    1709090 
   19300929    3762290 
   19300930    4496780 
   19301001    3155305 
   19301002    2315770 
   19301003    2053280 
   19301004     900370 
   19301006    2365060 
   19301007    3568040 
   19301008    2066960 
   19301009    5050600 
   19301010    6296918 
   19301011    1727940 
   19301014    3389030 
   19301015    2378490 
   19301016    1854710 
   19301017    2656160 
   19301018    2161560 
   19301020    2139220 
   19301021    2431900 
   19301022    2742240 
   19301023    2664520 
   19301024    2763000 
   19301025    1152200 
   19301027    1812050 
   19301028    2016200 
   19301029    1673030 
   19301030    1913731 
   19301031    2249195 
   19301101    1001290 
   19301103    1253650 
   19301105    2145720 
   19301106    2446690 
   19301107    3367880 
   19301108    2070760 
   19301110    4626250 
   19301111    3334020 
   19301112    3420290 
   19301113    3451450 
   19301114    2640690 
   19301115    1710340 
   19301117    2137770 
   19301118    2023050 
   19301119    2481410 
   19301120    2626740 
   19301121    2244610 
   19301122     988490 
   19301124    1630820 
   19301125    2152930 
   19301126    1950040 
   19301128    1743790 
   19301129     697160 
   19301201    1107507 
   19301202    1579620 
   19301203    1217460 
   19301204    1591020 
   19301205    1589265 
   19301206     719950 
   19301208    1983840 
   19301209    2116340 
   19301210    3146950 
   19301211    2888910 
   19301212    2089520 
   19301213    1962480 
   19301215    3440170 
   19301216    4156110 
   19301217    5005885 
   19301218    3290370 
   19301219    2270350 
   19301220    1027780 
   19301222    2104325 
   19301223    2543185 
   19301224    1582338 
   19301226    1800660 
   19301227    1394722 
   19301229    2788820 
   19301230    3431115 
   19301231    1935330 
   19310102    2031350 
   19310103    1547790 
   19310105    2087040 
   19310106    1906610 
   19310107    2140190 
   19310108    1706093 
   19310109    2794720 
   19310110     778650 
   19310112    1501220 
   19310113    1712890 
   19310114    1276345 
   19310115    1932990 
   19310116    1321240 
   19310117     642220 
   19310119    1114830 
   19310120    1329260 
   19310121    1407535 
   19310122    1860740 
   19310123    2868150 
   19310124    1126790 
   19310126    1534970 
   19310127    1601720 
   19310128    1623610 
   19310129    1645710 
   19310130    2213987 
   19310131     796732 
   19310202    1160268 
   19310203    1187521 
   19310204    1518121 
   19310205    1488896 
   19310206    1660704 
   19310207    1166930 
   19310209    4126145 
   19310210    4760425 
   19310211    4698960 
   19310213    2747439 
   19310214    1092656 
   19310216    3170040 
   19310217    3986480 
   19310218    2842506 
   19310219    2476970 
   19310220    3833575 
   19310221    2434640 
   19310224    5345710 
   19310225    4388062 
   19310226    4623239 
   19310227    3724674 
   19310228    1747875 
   19310302    3318055 
   19310303    2936470 
   19310304    3087527 
   19310305    2731071 
   19310306    3860745 
   19310307    1566830 
   19310309    2850705 
   19310310    3241210 
   19310311    2294130 
   19310312    2489792 
   19310313    2378475 
   19310314    1109410 
   19310316    2131820 
   19310317    2801024 
   19310318    2096715 
   19310319    3524960 
   19310320    2742090 
   19310321    1313197 
   19310323    1993620 
   19310324    1878158 
   19310325    2096522 
   19310326    2554250 
   19310327    2948380 
   19310328    2119170 
   19310330    3188230 
   19310331    2405531 
   19310401    2264710 
   19310402    2506150 
   19310404     873652 
   19310406    1463785 
   19310407    2192797 
   19310408    2047958 
   19310409    1943410 
   19310410    1566240 
   19310411     615740 
   19310413    1629795 
   19310414    1938110 
   19310415    2046260 
   19310416    2331485 
   19310417    2544872 
   19310418    1292860 
   19310420    1563820 
   19310421    1993439 
   19310422    2670851 
   19310423    3815560 
   19310424    2603370 
   19310425    1418200 
   19310427    3650310 
   19310428    2856900 
   19310429    3181810 
   19310430    3334752 
   19310501    2871920 
   19310502    1266543 
   19310504    1361348 
   19310505    1575240 
   19310506    1498870 
   19310507    1693383 
   19310508    2658450 
   19310509    1157350 
   19310511    1650623 
   19310512    1310490 
   19310513    1666910 
   19310514    1770190 
   19310515    2380040 
   19310516     762830 
   19310518    2536485 
   19310519    2778455 
   19310520    2314725 
   19310521    2352200 
   19310522    1559700 
   19310523     550210 
   19310525    1874600 
   19310526    2413870 
   19310527    2512150 
   19310528    2089718 
   19310529    2053225 
   19310601    3102380 
   19310602    3316848 
   19310603    3305717 
   19310604    3170180 
   19310605    2846070 
   19310606     832670 
   19310608    1707910 
   19310609    1889495 
   19310610    1803930 
   19310611    1745380 
   19310612    1586980 
   19310613     543050 
   19310615    1267323 
   19310616    1115112 
   19310617     916901 
   19310618    1148680 
   19310619    1146500 
   19310620    1508105 
   19310622    4588280 
   19310623    2600490 
   19310624    5066056 
   19310625    4317380 
   19310626    3116860 
   19310627    1919240 
   19310629    2137760 
   19310630    1944550 
   19310701    1711000 
   19310702    1332790 
   19310703    2052110 
   19310706    1044872 
   19310707    3009967 
   19310708    2357192 
   19310709    1513530 
   19310710    1285440 
   19310711     592840 
   19310713    1282920 
   19310714    1105260 
   19310715    2605100 
   19310716    1517143 
   19310717    1271550 
   19310718     380450 
   19310720     705340 
   19310721    1148630 
   19310722     993040 
   19310723     785660 
   19310724    1064780 
   19310725     412575 
   19310727     572480 
   19310728     650716 
   19310729    1576835 
   19310730    1353780 
   19310731    1219650 
   19310801     398220 
   19310803     878530 
   19310804     724220 
   19310805     817890 
   19310806     909664 
   19310807     735870 
   19310808     295280 
   19310810     707346 
   19310811    1602880 
   19310812    1259180 
   19310813    1379180 
   19310814    1830240 
   19310815     901530 
   19310817    1314900 
   19310818    1705770 
   19310819    1076570 
   19310820    1065080 
   19310821    1308478 
   19310822     424050 
   19310824     823204 
   19310825     860590 
   19310826     839419 
   19310827     828650 
   19310828     929750 
   19310829     473290 
   19310831     738741 
   19310901     536310 
   19310902     962385 
   19310903    2129830 
   19310904    1194802 
   19310908    2044160 
   19310909    2024210 
   19310910    1504870 
   19310911    1974460 
   19310912     761235 
   19310914    2448670 
   19310915    2165090 
   19310916    1977909 
   19310917    2420180 
   19310918    2896990 
   19310919    2437553 
   19310921    4396225 
   19310922    2052000 
   19310923    2932610 
   19310924    3051312 
   19310925    2849350 
   19310926     685695 
   19310928    1485510 
   19310929    2901558 
   19310930    3207254 
   19311001    3638403 
   19311002    2553790 
   19311003    1029490 
   19311005    3191310 
   19311006    4304519 
   19311007    2823238 
   19311008    2873912 
   19311009    3216490 
   19311010     826378 
   19311013    1249297 
   19311014    1636475 
   19311015    1375700 
   19311016    1420773 
   19311017     627550 
   19311019     859075 
   19311020    2512981 
   19311021    2242420 
   19311022    1392750 
   19311023    1328598 
   19311024     757650 
   19311026    1185956 
   19311027    1391530 
   19311028    1773742 
   19311029    1343431 
   19311030    1555900 
   19311031     805175 
   19311102    1458358 
   19311104    1476065 
   19311105    1523817 
   19311106    2275912 
   19311107    2040670 
   19311109    3047293 
   19311110    1750052 
   19311111    1491401 
   19311112    1441972 
   19311113    1794382 
   19311114    1134175 
   19311116    1512155 
   19311117    1461260 
   19311118    1673009 
   19311119    1509356 
   19311120    2042627 
   19311121     873568 
   19311123    1349056 
   19311124    1246781 
   19311125    1494995 
   19311127    1824195 
   19311128     931600 
   19311130    2002509 
   19311201    2032234 
   19311202    1886808 
   19311203    1800924 
   19311204    1920994 
   19311205     872400 
   19311207    1457085 
   19311208    1597128 
   19311209    2263447 
   19311210    2664173 
   19311211    2354197 
   19311212    1539838 
   19311214    2884991 
   19311215    2632272 
   19311216    1955820 
   19311217    2942641 
   19311218    3621879 
   19311219    1626661 
   19311221    1924996 
   19311222    1397038 
   19311223    1560487 
   19311224    1106103 
   19311228    2003040 
   19311229    2439895 
   19311230    2112067 
   19311231    1508700 
   19320102     721990 
   19320104    1513365 
   19320105    1418619 
   19320106    1837910 
   19320107    2179369 
   19320108    1969650 
   19320109    1151510 
   19320111    1796896 
   19320112    1364182 
   19320113    2067510 
   19320114    2647590 
   19320115    1634510 
   19320116     733315 
   19320118    1383440 
   19320119    1090025 
   19320120    1211715 
   19320121    1240168 
   19320122    1561404 
   19320123     835120 
   19320125     828780 
   19320126     763763 
   19320127    1278652 
   19320128    1116200 
   19320129    1527945 
   19320130     488755 
   19320201    1516486 
   19320202    1118492 
   19320203     808179 
   19320204     674726 
   19320205    1082920 
   19320206     660300 
   19320208    1150924 
   19320209    1156241 
   19320210    1303048 
   19320211    2563411 
   19320213    2626200 
   19320215    1976164 
   19320216    2502180 
   19320217    2185798 
   19320218    1681935 
   19320219    2430612 
   19320220     704660 
   19320223    1281133 
   19320224    1082900 
   19320225    1034519 
   19320226     894224 
   19320227     400675 
   19320229     880540 
   19320301     732745 
   19320302    1762693 
   19320303    1720250 
   19320304    1513032 
   19320305    1162617 
   19320307    1583319 
   19320308    1637883 
   19320309    1330810 
   19320310    1048890 
   19320311    1258130 
   19320312     647630 
   19320314    2034395 
   19320315    1468680 
   19320316    1464234 
   19320317    1772423 
   19320318    1406500 
   19320319     826850 
   19320321     889940 
   19320322    1080120 
   19320323     841088 
   19320324     837600 
   19320326    1055920 
   19320328    1353140 
   19320329    1113702 
   19320330    1006888 
   19320331    1482020 
   19320401    1529930 
   19320402    1045990 
   19320404    1614030 
   19320405    1483230 
   19320406    2094706 
   19320407    1795077 
   19320408    2126005 
   19320409    1148113 
   19320411    1695154 
   19320412    1553050 
   19320413    1096990 
   19320414    1724350 
   19320415    1541574 
   19320416     579180 
   19320418     848490 
   19320419    1032855 
   19320420     991162 
   19320421    1106210 
   19320422     915240 
   19320423     470970 
   19320425     640410 
   19320426     790090 
   19320427    1120140 
   19320428     924680 
   19320429    1164310 
   19320430     438980 
   19320502     776446 
   19320503     900510 
   19320504    1318950 
   19320505    1002806 
   19320506    1629720 
   19320507     638848 
   19320509     638177 
   19320510     738270 
   19320511     686960 
   19320512     919360 
   19320513     866525 
   19320514     600010 
   19320516    1306700 
   19320517     932894 
   19320518     683950 
   19320519     675280 
   19320520     767310 
   19320521     305170 
   19320523     557840 
   19320524     983297 
   19320525    1302142 
   19320526    1853160 
   19320527     901595 
   19320528     675473 
   19320531    1475520 
   19320601    1841508 
   19320602    1866981 
   19320603    1886573 
   19320604     998562 
   19320606     962085 
   19320607     833359 
   19320608     985680 
   19320609    1187380 
   19320610    1269820 
   19320611     809330 
   19320613     567673 
   19320614     755720 
   19320615    1155051 
   19320616     851245 
   19320617     786274 
   19320618     341080 
   19320620     388065 
   19320621     496870 
   19320622     606880 
   19320623     472220 
   19320624     772652 
   19320625     310496 
   19320627     767270 
   19320628     829985 
   19320629     630790 
   19320630     627045 
   19320701     605456 
   19320705     612690 
   19320706     727880 
   19320707     784401 
   19320708     720168 
   19320709     235060 
   19320711     596507 
   19320712     700176 
   19320713     979769 
   19320714     999315 
   19320715     807490 
   19320716     350180 
   19320718     612410 
   19320719     465320 
   19320720     627440 
   19320721     924820 
   19320722    1447855 
   19320723     368610 
   19320725    1546006 
   19320726    1497645 
   19320727    1700887 
   19320728    2734445 
   19320729    2101954 
   19320730     910850 
   19320801    2106756 
   19320802    1439270 
   19320803    2398614 
   19320804    3521030 
   19320805    2684060 
   19320806    2728430 
   19320808    5461150 
   19320809    3837660 
   19320810    4430300 
   19320811    4402410 
   19320812    3705890 
   19320813    1756690 
   19320815    1906290 
   19320816    3612185 
   19320817    2874420 
   19320818    1784920 
   19320819    2168170 
   19320820     661350 
   19320822    3175208 
   19320823    4571965 
   19320824    3691811 
   19320825    4169800 
   19320826    3117015 
   19320827    2201980 
   19320829    3926040 
   19320830    3294711 
   19320831    2997670 
   19320901    2419168 
   19320902    3487090 
   19320903    2440380 
   19320906    4362850 
   19320907    4153120 
   19320908    5370180 
   19320909    4036100 
   19320910    1498220 
   19320912    4049671 
   19320913    5102090 
   19320914    3248290 
   19320915    3142470 
   19320916    1914280 
   19320917     724520 
   19320919    1260215 
   19320920    1250830 
   19320921    4346410 
   19320922    3685040 
   19320923    2194590 
   19320924    1336170 
   19320926    2082970 
   19320927    1399070 
   19320928    1381800 
   19320929    1336420 
   19320930    1159060 
   19321001     338330 
   19321003    1002720 
   19321004    1240010 
   19321005    2952680 
   19321006    1944312 
   19321007    2302770 
   19321008    1533280 
   19321010    2281940 
   19321011    1745390 
   19321013    1228090 
   19321014    2028610 
   19321015     593510 
   19321017     770310 
   19321018    1020900 
   19321019    1303330 
   19321020    1055950 
   19321021    1241695 
   19321022     447820 
   19321024     551271 
   19321025     604160 
   19321026     860960 
   19321027     716602 
   19321028     692739 
   19321029     359820 
   19321031     384760 
   19321101     522135 
   19321102    1100790 
   19321103    1020150 
   19321104     969185 
   19321105     463010 
   19321107    1609950 
   19321109    1268260 
   19321110    1566910 
   19321111    2631780 
   19321112     888752 
   19321114    1307345 
   19321115    1048980 
   19321116     947435 
   19321117     709040 
   19321118     728290 
   19321119     385556 
   19321121     611916 
   19321122     534880 
   19321123    1201415 
   19321125    1002790 
   19321126     376005 
   19321128     540363 
   19321129     526475 
   19321130    1093071 
   19321201     756150 
   19321202     685600 
   19321203     399550 
   19321205     725219 
   19321206    1108658 
   19321207    1193869 
   19321208     704921 
   19321209    1180330 
   19321210     482705 
   19321212     923370 
   19321213     734548 
   19321214    1017684 
   19321215    1177192 
   19321216     916311 
   19321217     413644 
   19321219     917085 
   19321220     999932 
   19321221     729780 
   19321222    1297758 
   19321223     925908 
   19321224     329699 
   19321227     801578 
   19321228    1581670 
   19321229    1607289 
   19321230    1045224 
   19321231     539473 
   19330103     489010 
   19330104    1093088 
   19330105    1143905 
   19330106    1141910 
   19330109     932500 
   19330110    1148987 
   19330111    1617454 
   19330112     916072 
   19330113     833815 
   19330114     360910 
   19330116     868333 
   19330117     663735 
   19330118     687085 
   19330119     624040 
   19330120     707337 
   19330121     366377 
   19330123     664152 
   19330124     493201 
   19330125     751743 
   19330126     808880 
   19330127     972108 
   19330128     300075 
   19330130     476985 
   19330131     656590 
   19330201    1190640 
   19330202    1251870 
   19330203     906761 
   19330204     419840 
   19330206     670621 
   19330207     584745 
   19330208     723726 
   19330209    1080123 
   19330210     723441 
   19330211     344762 
   19330214    1541300 
   19330215     745603 
   19330216    1079872 
   19330217     653795 
   19330218     304630 
   19330220     858600 
   19330221     692160 
   19330223    1325403 
   19330224    1069280 
   19330225     987810 
   19330227    1253258 
   19330228     905960 
   19330301     787741 
   19330302    1003966 
   19330303    1413380 
   19330304 CLOSED     
   19330306 CLOSED     
   19330307 CLOSED     
   19330308 CLOSED     
   19330309 CLOSED     
   19330310 CLOSED     
   19330311 CLOSED     
   19330313 CLOSED     
   19330314 CLOSED     
   19330315    3065587 
   19330316    3300585 
   19330317    1726680 
   19330318     575850 
   19330320     778708 
   19330321    1208530 
   19330322     990810 
   19330323     979506 
   19330324     642870 
   19330325     376400 
   19330327     500590 
   19330328     600690 
   19330329     639669 
   19330330     624150 
   19330331     880845 
   19330401     447160 
   19330403     599940 
   19330404     721200 
   19330405    1144650 
   19330406    1226520 
   19330407     953855 
   19330408     439120 
   19330410    1759654 
   19330411    1434500 
   19330412     747960 
   19330413    1659970 
   19330415     958610 
   19330417    1005216 
   19330418    1434840 
   19330419    5087876 
   19330420    7127670 
   19330421    5214720 
   19330422    2275510 
   19330424    4805160 
   19330425    3504290 
   19330426    2914900 
   19330427    1880175 
   19330428    2163630 
   19330429    3389470 
   19330501    6052010 
   19330502    3897930 
   19330503    4644260 
   19330504    4590317 
   19330505    4996620 
   19330506    2094030 
   19330508    3200250 
   19330509    2229370 
   19330510    3818060 
   19330511    6163850 
   19330512    4556710 
   19330513    2273617 
   19330515    3151760 
   19330516    3291711 
   19330517    4794300 
   19330518    4112720 
   19330519    3275362 
   19330520    1300307 
   19330522    2223460 
   19330523    3143850 
   19330524    4707400 
   19330525    4008260 
   19330526    4346470 
   19330527    4311340 
   19330529    6953640 
   19330531    6076350 
   19330601    4753570 
   19330602    6877860 
   19330603    3587720 
   19330605    5008335 
   19330606    6216069 
   19330607    6641440 
   19330608    6356670 
   19330609    5310360 
   19330610    2786440 
   19330612    5812000 
   19330613    6303780 
   19330614    5548395 
   19330615    4892780 
   19330616    5710376 
   19330617    1567703 
   19330619    5481846 
   19330620    5542820 
   19330621    3891840 
   19330622    4374041 
   19330623    3314100 
   19330624    1696390 
   19330626    4528029 
   19330627    5642695 
   19330628    5506841 
   19330629    4593510 
   19330630    3673920 
   19330701    2791230 
   19330703    6715170 
   19330705    5802400 
   19330706    6541910 
   19330707    6972880 
   19330708    3007560 
   19330710    4837475 
   19330711    5237225 
   19330712    5185410 
   19330713    7451370 
   19330714    5226020 
   19330715    2242460 
   19330717    6380650 
   19330718    6585733 
   19330719    7449990 
   19330720    8117170 
   19330721    9572020 
   19330722    4224070 
   19330724    3415350 
   19330725    3538350 
   19330726    2039572 
   19330727    2461610 
   19330728    1390555 
   19330731    3085063 
   19330801    1784420 
   19330802    1727420 
   19330803    1509240 
   19330804     500000 
   19330807     765070 
   19330808    1232454 
   19330809    2562250 
   19330810    2821805 
   19330811    1342590 
   19330814    1222240 
   19330815     907200 
   19330816    1803760 
   19330817    2474420 
   19330818    2086700 
   19330821    1562309 
   19330822    1963685 
   19330823    2583490 
   19330824    1727000 
   19330825    3328410 
   19330828    2121539 
   19330829    3118200 
   19330830    2170860 
   19330831    1141710 
   19330901    1218830 
   19330905    1252730 
   19330906    1884910 
   19330907    1071590 
   19330908    1294930 
   19330909     279110 
   19330911    1917340 
   19330912    2243016 
   19330913     734930 
   19330914    2896170 
   19330915    2453460 
   19330916    1001160 
   19330918    2722010 
   19330919    2817640 
   19330920    2417210 
   19330921    3651894 
   19330922    3314920 
   19330923    1004748 
   19330925    1308810 
   19330926    1432010 
   19330927    2320236 
   19330928    1443990 
   19330929    1643950 
   19330930    1008380 
   19331002     959700 
   19331003     931820 
   19331004    2127285 
   19331005    1659140 
   19331006    1460900 
   19331007     602070 
   19331009    1246500 
   19331010    1135420 
   19331011    1027585 
   19331013    1265095 
   19331014     802460 
   19331016    2666652 
   19331017    2482850 
   19331018    1734020 
   19331019    2895835 
   19331020    2695020 
   19331021    1260160 
   19331023    2127440 
   19331024    2112990 
   19331025    2878340 
   19331026    1222940 
   19331027    1106790 
   19331028     376590 
   19331030    1465800 
   19331031    1128810 
   19331101    1142000 
   19331102    1123000 
   19331103    1499710 
   19331104     703910 
   19331106     685220 
   19331108    1803311 
   19331109    2902625 
   19331110    1365930 
   19331111     472180 
   19331113    1091235 
   19331114    2169470 
   19331115    1353990 
   19331116    2577260 
   19331117    2323820 
   19331118     577800 
   19331120    1894630 
   19331121    1800980 
   19331122    1574035 
   19331123    1370675 
   19331124    1420188 
   19331125     477917 
   19331127    1557099 
   19331128    1007461 
   19331129     752220 
   19331201     813227 
   19331202     336074 
   19331204     671354 
   19331205    2021797 
   19331206    1442413 
   19331207    1683737 
   19331208    1324870 
   19331209    1070210 
   19331211    2452830 
   19331212    1650102 
   19331213    1333374 
   19331214    1556125 
   19331215    1173022 
   19331216     896570 
   19331218    1342900 
   19331219    1024730 
   19331220    2163068 
   19331221    1021086 
   19331222    2419651 
   19331223     738215 
   19331226    1302892 
   19331227    3075823 
   19331228    1477520 
   19331229    1133253 
   19331230     751613 
   19340102    1267020 
   19340103    1383120 
   19340104    1188310 
   19340105    1054980 
   19340106     461920 
   19340108     715030 
   19340109     869402 
   19340110    1415170 
   19340111    1695470 
   19340112    1600580 
   19340113     749660 
   19340115    3743480 
   19340116    3444240 
   19340117    2848490 
   19340118    2126940 
   19340119    3542390 
   19340120    1954440 
   19340122    2663410 
   19340123    2383740 
   19340124    3356780 
   19340125    2267500 
   19340126    2506640 
   19340127    1199950 
   19340129    2784140 
   19340130    4237060 
   19340131    3105487 
   19340201    4712459 
   19340202    2872929 
   19340203    2081170 
   19340205    4940250 
   19340206    4330980 
   19340207    4499070 
   19340208    3199920 
   19340209    3337240 
   19340210    2187310 
   19340213    2060340 
   19340214    1938610 
   19340215    2975511 
   19340216    2769610 
   19340217    1164900 
   19340219    2346415 
   19340220    1219630 
   19340221    1899740 
   19340223    2289868 
   19340224    1223130 
   19340226    2187870 
   19340227    1270910 
   19340228    1322090 
   19340301    1241820 
   19340302    1480550 
   19340303     798820 
   19340305     951930 
   19340306     805900 
   19340307    1733810 
   19340308    1695980 
   19340309    1369725 
   19340310     571720 
   19340312    1258830 
   19340313    1274640 
   19340314    1359489 
   19340315    1341540 
   19340316    1168905 
   19340317     725500 
   19340319    1513290 
   19340320    1541790 
   19340321    1068880 
   19340322    1024560 
   19340323     759220 
   19340324     681510 
   19340326    1275170 
   19340327    1587010 
   19340328     843475 
   19340329    1021330 
   19340331     814510 
   19340402    1367730 
   19340403    1334755 
   19340404    1564200 
   19340405    1419110 
   19340406    1014440 
   19340407     549020 
   19340409     850075 
   19340410    1406192 
   19340411    1553300 
   19340412    1332330 
   19340413    1183140 
   19340414     501160 
   19340416    1290650 
   19340417     944275 
   19340418    1540350 
   19340419    1325000 
   19340420    1887380 
   19340421     902720 
   19340423    1113230 
   19340424    1273700 
   19340425     961380 
   19340426    1638845 
   19340427     842080 
   19340428     563630 
   19340430    1486590 
   19340501    1339380 
   19340502    1338424 
   19340503    1110190 
   19340504     840300 
   19340505     872920 
   19340507    2364090 
   19340508    1858520 
   19340509    1028360 
   19340510    2126120 
   19340511     995640 
   19340512    1110110 
   19340514    1681000 
   19340515     894110 
   19340516     717494 
   19340517    1286510 
   19340518     910830 
   19340519     249300 
   19340521     382190 
   19340522     830880 
   19340523     656630 
   19340524     495710 
   19340525     535340 
   19340526     279300 
   19340528     614680 
   19340529     379232 
   19340531     438420 
   19340601     626949 
   19340602     410110 
   19340604     357980 
   19340605     740800 
   19340606     664790 
   19340607     467460 
   19340608    1608090 
   19340609     703450 
   19340611     749300 
   19340612     945960 
   19340613     883435 
   19340614     632276 
   19340615     732530 
   19340616     576295 
   19340618     605200 
   19340619     850845 
   19340620     548535 
   19340621     529700 
   19340622     931900 
   19340623     233350 
   19340625     489320 
   19340626     617500 
   19340627     628910 
   19340628     639775 
   19340629     436395 
   19340630     189300 
   19340702     411950 
   19340703     401112 
   19340705     440556 
   19340706     457827 
   19340707     182050 
   19340709     315910 
   19340710     648610 
   19340711     648520 
   19340712     466070 
   19340713     533170 
   19340714     194330 
   19340716     589730 
   19340717     616620 
   19340718     490370 
   19340719     614150 
   19340720    1242675 
   19340721     619970 
   19340723    1877730 
   19340724    1594930 
   19340725    1347810 
   19340726    3338050 
   19340727    2212756 
   19340728     468900 
   19340730     805830 
   19340731     593450 
   19340801     778660 
   19340802     563530 
   19340803     464980 
   19340804     303790 
   19340806     782750 
   19340807     608530 
   19340808     692020 
   19340809    1417192 
   19340810     772510 
   19340811     310190 
   19340813     809100 
   19340814     531240 
   19340815     574530 
   19340816     610110 
   19340817     476980 
   19340818     164000 
   19340820     274550 
   19340821     579030 
   19340822    1295680 
   19340823     747580 
   19340824     746700 
   19340825     436700 
   19340827     534100 
   19340828     404220 
   19340829     761860 
   19340830     649650 
   19340831     400790 
   19340901     113060 
   19340904     309830 
   19340905     476030 
   19340906     603330 
   19340907     689680 
   19340908     211400 
   19340910     695990 
   19340911     631260 
   19340912     401420 
   19340913     415680 
   19340914     835485 
   19340915     344670 
   19340917     648490 
   19340918     534480 
   19340919     556760 
   19340920     486980 
   19340921     712010 
   19340922     283510 
   19340924     514310 
   19340925     841885 
   19340926     796430 
   19340927     798580 
   19340928     512230 
   19340929     222370 
   19341001     619900 
   19341002     370120 
   19341003     410105 
   19341004     608200 
   19341005     872150 
   19341006     230668 
   19341008     450860 
   19341009     772880 
   19341010     986970 
   19341011    1394660 
   19341013     414090 
   19341015     511076 
   19341016     677730 
   19341017     662210 
   19341018     655110 
   19341019     527312 
   19341020     228740 
   19341022     573080 
   19341023     542680 
   19341024     772200 
   19341025    1027970 
   19341026     869670 
   19341027     203980 
   19341029     428470 
   19341030     432290 
   19341031     416800 
   19341101     541090 
   19341102     651120 
   19341103     311000 
   19341105     758300 
   19341107    1111590 
   19341108     843010 
   19341109    1228290 
   19341110     687750 
   19341113    1131630 
   19341114     958480 
   19341115    1544080 
   19341116    1031970 
   19341117     453370 
   19341119     983950 
   19341120     869010 
   19341121     805220 
   19341122     769740 
   19341123    1130391 
   19341124     671990 
   19341126    1410370 
   19341127    1012580 
   19341128    1164150 
   19341130     801780 
   19341201     469190 
   19341203     752565 
   19341204     951960 
   19341205    1636613 
   19341206    1422045 
   19341207    1023370 
   19341208     458740 
   19341210     851017 
   19341211    1282350 
   19341212     787330 
   19341213     997450 
   19341214     938700 
   19341215     464060 
   19341217     900040 
   19341218     822460 
   19341219     982740 
   19341220     877275 
   19341221     917020 
   19341222     503460 
   19341224     808520 
   19341226    1055065 
   19341227    1632065 
   19341228    1276151 
   19341229     762091 
   19341231    1016335 
   19350102     878920 
   19350103    1066246 
   19350104     965320 
   19350105     494470 
   19350107    1285740 
   19350108    1194160 
   19350109     897470 
   19350110     778730 
   19350111    1377910 
   19350112     666420 
   19350114     554350 
   19350115    1369670 
   19350116     667240 
   19350117     736480 
   19350118     684630 
   19350119     393800 
   19350121     689160 
   19350122     592990 
   19350123     619850 
   19350124     437206 
   19350125     517290 
   19350126     322810 
   19350128     692010 
   19350129     574890 
   19350130     426040 
   19350131     525330 
   19350201     493580 
   19350202     399090 
   19350204     344955 
   19350205     558780 
   19350206     557040 
   19350207     524130 
   19350208     587260 
   19350209     293300 
   19350211     358947 
   19350213     386445 
   19350214     405026 
   19350215     726482 
   19350216     353410 
   19350218    1911190 
   19350219    1104010 
   19350220     966050 
   19350221     700982 
   19350223     536190 
   19350225     744200 
   19350226     946398 
   19350227     933420 
   19350228     573640 
   19350301     637462 
   19350302     279480 
   19350304     421930 
   19350305     899250 
   19350306    1285747 
   19350307     536603 
   19350308     443463 
   19350309     288090 
   19350311     799240 
   19350312    1054280 
   19350313    1075220 
   19350314     811080 
   19350315     768160 
   19350316     300500 
   19350318     593612 
   19350319     509549 
   19350320     488449 
   19350321     889610 
   19350322     780898 
   19350323     299450 
   19350325     463574 
   19350326     440800 
   19350327     462290 
   19350328     613040 
   19350329     461040 
   19350330     247240 
   19350401     444890 
   19350402     532388 
   19350403     529418 
   19350404     560140 
   19350405    1213500 
   19350406     464290 
   19350408     706310 
   19350409     856784 
   19350410     989900 
   19350411     734120 
   19350412     840210 
   19350413     701820 
   19350415    1106730 
   19350416     742770 
   19350417     854240 
   19350418     816090 
   19350420     880820 
   19350422    1380295 
   19350423    1226780 
   19350424    1279370 
   19350425    1693070 
   19350426    1522120 
   19350427     585210 
   19350429     886450 
   19350430     860860 
   19350501     820960 
   19350502     882970 
   19350503     953350 
   19350504     474490 
   19350506    1027640 
   19350507     814310 
   19350508    1394760 
   19350509    1654800 
   19350510    1582560 
   19350511     634660 
   19350513    1125110 
   19350514    1207805 
   19350515    1053130 
   19350516    2421700 
   19350517    1821600 
   19350518     600460 
   19350520     972070 
   19350521    1139380 
   19350522    1147341 
   19350523    1285930 
   19350524    1181160 
   19350525     492830 
   19350527     823155 
   19350528    2307870 
   19350529    1495360 
   19350531    1124270 
   19350601     676450 
   19350603     599520 
   19350604     867700 
   19350605    1103500 
   19350606     680050 
   19350607     589880 
   19350608     341954 
   19350610     632140 
   19350611    1147160 
   19350612    1290140 
   19350613     860940 
   19350614    1275500 
   19350615     579620 
   19350617     913980 
   19350618     885930 
   19350619    1626260 
   19350620     996020 
   19350621    1517340 
   19350622     787070 
   19350624    1116670 
   19350625    1144060 
   19350626     957310 
   19350627     736838 
   19350628     757410 
   19350629     252980 
   19350701     683670 
   19350702    1198890 
   19350703     720450 
   19350705     880730 
   19350706     515870 
   19350708    1309750 
   19350709    1345930 
   19350710    1150160 
   19350711     995960 
   19350712    1097817 
   19350713     442940 
   19350715     949110 
   19350716     900523 
   19350717    1357940 
   19350718    1495540 
   19350719    1149320 
   19350720     429500 
   19350722    1369090 
   19350723    1734150 
   19350724    1305490 
   19350725    1334400 
   19350726     986380 
   19350727     734240 
   19350729    1752270 
   19350730    1679580 
   19350731    1908020 
   19350801    1889050 
   19350802    1517710 
   19350803    1000870 
   19350805    1735510 
   19350806    1772970 
   19350807    1389220 
   19350808    1432860 
   19350809    2188000 
   19350810    1210770 
   19350812    2426230 
   19350813    2363640 
   19350814    1948100 
   19350815    1582170 
   19350816    1713000 
   19350817    1076230 
   19350819    2068660 
   19350820    1975670 
   19350821    1753680 
   19350822    1667660 
   19350823    1891150 
   19350824    1124960 
   19350826    1455610 
   19350827    2125720 
   19350828    1390390 
   19350829     903640 
   19350830     830730 
   19350831     491280 
   19350903     904080 
   19350904    1000740 
   19350905    1891670 
   19350906    2153840 
   19350907    1289960 
   19350909    2000290 
   19350910    1978240 
   19350911    2590850 
   19350912    1879970 
   19350913    1731300 
   19350914     632130 
   19350916    1491250 
   19350917    1334460 
   19350918    1939380 
   19350919    1923380 
   19350920    2217950 
   19350921     675600 
   19350923    1008340 
   19350924    1009110 
   19350925    1083730 
   19350926    1090900 
   19350927    1123170 
   19350928     519020 
   19350930    1257230 
   19351001    1422460 
   19351002    2189700 
   19351003    1484880 
   19351004    1419627 
   19351005     697190 
   19351007     945360 
   19351008    1182110 
   19351009     882910 
   19351010    1863970 
   19351011    2054662 
   19351014    1587990 
   19351015    2573010 
   19351016    2243111 
   19351017    1613337 
   19351018    1449800 
   19351019     992010 
   19351021    2871908 
   19351022    2835730 
   19351023    2756795 
   19351024    2156110 
   19351025    2471438 
   19351026    1182530 
   19351028    2112310 
   19351029    1708400 
   19351030    2146900 
   19351031    1814240 
   19351101    2038230 
   19351102    1264500 
   19351104    1748020 
   19351106    3075440 
   19351107    2785280 
   19351108    3351279 
   19351109    1166554 
   19351112    2140010 
   19351113    2047700 
   19351114    3947950 
   19351115    2937590 
   19351116    1639480 
   19351118    3198320 
   19351119    2883140 
   19351120    3814777 
   19351121    3279560 
   19351122    3918510 
   19351123    1819130 
   19351125    3372355 
   19351126    2331510 
   19351127    1859410 
   19351129    2170860 
   19351130     670170 
   19351202    1519380 
   19351203    1926520 
   19351204    2964041 
   19351205    2259850 
   19351206    2369710 
   19351207    1318720 
   19351209    2507730 
   19351210    2341299 
   19351211    2126290 
   19351212    2135760 
   19351213    1893584 
   19351214     666460 
   19351216    1401800 
   19351217    1390690 
   19351218    1691845 
   19351219    1264080 
   19351220    1412470 
   19351221    1097550 
   19351223    1918840 
   19351224    1705510 
   19351226    2335857 
   19351227    2134266 
   19351228    1140190 
   19351230    1626940 
   19351231    2439935 
   19360102    2240900 
   19360103    2831410 
   19360104    1592400 
   19360106    3731690 
   19360107    3083670 
   19360108    3525540 
   19360109    2996010 
   19360110    3270670 
   19360111    1641050 
   19360113    2600660 
   19360114    2786320 
   19360115    3633600 
   19360116    3110591 
   19360117    2351826 
   19360118    1072791 
   19360120    1805375 
   19360121    1329130 
   19360122    2146410 
   19360123    2937770 
   19360124    2542132 
   19360125    1656720 
   19360127    3099685 
   19360128    2287590 
   19360129    2680435 
   19360130    3012230 
   19360131    3235140 
   19360201    1758872 
   19360203    2323727 
   19360204    3008520 
   19360205    2921971 
   19360206    2753874 
   19360207    2570590 
   19360208    1252480 
   19360210    2459145 
   19360211    3353700 
   19360213    2923600 
   19360214    2604040 
   19360215    1373795 
   19360217    4718448 
   19360218    3527001 
   19360219    4578280 
   19360220    3457270 
   19360221    3020537 
   19360224    2197560 
   19360225    2389600 
   19360226    2036355 
   19360227    2315407 
   19360228    2458860 
   19360229     880760 
   19360302    1982520 
   19360303    2697080 
   19360304    2978740 
   19360305    2590140 
   19360306    2888540 
   19360307    1472130 
   19360309    2752980 
   19360310    2331700 
   19360311    2193190 
   19360312    2918050 
   19360313    2659770 
   19360314    1425580 
   19360316    1834610 
   19360317    2241010 
   19360318    1746530 
   19360319    2016430 
   19360320    1887730 
   19360321     840686 
   19360323    1678550 
   19360324    1903140 
   19360325    1907730 
   19360326    1872130 
   19360327    1553202 
   19360328     656780 
   19360330     946430 
   19360331    1041170 
   19360401    1686700 
   19360402    2193210 
   19360403    1562770 
   19360404    1011470 
   19360406    2032048 
   19360407    1574650 
   19360408    1652550 
   19360409    1654070 
   19360411     798280 
   19360413    1448380 
   19360414    1936660 
   19360415    1318460 
   19360416    1146560 
   19360417    1164330 
   19360418     809550 
   19360420    1655740 
   19360421    1881790 
   19360422    1203640 
   19360423    2062730 
   19360424    1655910 
   19360425     536370 
   19360427    2296240 
   19360428    2231520 
   19360429    1786630 
   19360430    2309280 
   19360501    1162290 
   19360502     401800 
   19360504    1071020 
   19360505    1174690 
   19360506    1131370 
   19360507    1005560 
   19360508     779830 
   19360509     341610 
   19360511     677750 
   19360512     599120 
   19360513     585790 
   19360514    1391430 
   19360515     985390 
   19360516     370930 
   19360518     993410 
   19360519     909510 
   19360520     685570 
   19360521     668130 
   19360522     679230 
   19360523     438780 
   19360525     694130 
   19360526    1143100 
   19360527    1220010 
   19360528     762810 
   19360529     740410 
   19360601     786240 
   19360602     756430 
   19360603     635100 
   19360604     767290 
   19360605     634950 
   19360606     253710 
   19360608     694050 
   19360609     876251 
   19360610    1034665 
   19360611    1085940 
   19360612     998280 
   19360613     375400 
   19360615     722740 
   19360616    1114850 
   19360617    1221230 
   19360618     942536 
   19360619     828080 
   19360620     317180 
   19360622     984720 
   19360623     972240 
   19360624    1237240 
   19360625    1340910 
   19360626     889760 
   19360627     366350 
   19360629     770240 
   19360630     822265 
   19360701     966230 
   19360702    1072650 
   19360703    1020180 
   19360706     844590 
   19360707     969790 
   19360708     869000 
   19360709    1291600 
   19360710    1691900 
   19360711     867180 
   19360713    1434990 
   19360714    1659580 
   19360715    1978044 
   19360716    1481150 
   19360717     155360 
   19360718     557170 
   19360720    1424180 
   19360721    1586540 
   19360722    1453350 
   19360723    1336350 
   19360724    1320950 
   19360725     611840 
   19360727    1826285 
   19360728    1903870 
   19360729    1947880 
   19360730    1512530 
   19360731    1609970 
   19360801     490650 
   19360803    1004830 
   19360804    1049330 
   19360805    1283660 
   19360806    1171950 
   19360807    1671570 
   19360808     865270 
   19360810    1334770 
   19360811    1100220 
   19360812    1261070 
   19360813    1398180 
   19360814    1071940 
   19360815     366320 
   19360817     832610 
   19360818     790750 
   19360819    1006430 
   19360820     962000 
   19360821    1480020 
   19360822     431830 
   19360824     803210 
   19360825     799830 
   19360826     907170 
   19360827    1336110 
   19360828    1376900 
   19360829     618350 
   19360831    1149000 
   19360901    1143770 
   19360902    1351970 
   19360903    1047760 
   19360904    1174510 
   19360905     715880 
   19360908    1715570 
   19360909    1572310 
   19360910    1547170 
   19360911    1403870 
   19360912     494700 
   19360914    1004560 
   19360915    1127990 
   19360916    1038354 
   19360917     773570 
   19360918    1273870 
   19360919     897300 
   19360921    1765570 
   19360922    1547650 
   19360923    1483670 
   19360924    1192940 
   19360925    1514730 
   19360926     900760 
   19360928    1450460 
   19360929    1381000 
   19360930    1352625 
   19361001    1099470 
   19361002    1928690 
   19361003    1632260 
   19361005    2082180 
   19361006    2257990 
   19361007    3027400 
   19361008    2226580 
   19361009    2235490 
   19361010     971060 
   19361013    2066240 
   19361014    1642490 
   19361015    1785710 
   19361016    2049100 
   19361017    1152860 
   19361019    1888130 
   19361020    1669462 
   19361021    1632310 
   19361022    1974640 
   19361023    1513860 
   19361024     619180 
   19361026    1478430 
   19361027    1311570 
   19361028    1630230 
   19361029    1708670 
   19361030    1677920 
   19361031     733360 
   19361102    1600910 
   19361104    3294200 
   19361105    3620890 
   19361106    2717010 
   19361107    1745280 
   19361109    3139080 
   19361110    2704400 
   19361112    2581810 
   19361113    2482250 
   19361114    1154330 
   19361116    2374580 
   19361117    3272950 
   19361118    2921750 
   19361119    2441712 
   19361120    1821590 
   19361121     802260 
   19361123    2159820 
   19361124    1924190 
   19361125    1856320 
   19361127    2276130 
   19361128    1434280 
   19361130    2141440 
   19361201    2233840 
   19361202    2319500 
   19361203    2042450 
   19361204    2154760 
   19361205    1000580 
   19361207    1676910 
   19361208    1618530 
   19361209    1855900 
   19361210    2439770 
   19361211    2611590 
   19361212    1235910 
   19361214    2876220 
   19361215    2478300 
   19361216    1945000 
   19361217    1953200 
   19361218    1905806 
   19361219    1214520 
   19361221    1761846 
   19361222    1667250 
   19361223    1867782 
   19361224    1607380 
   19361228    1787016 
   19361229    2280442 
   19361230    2305370 
   19361231    1760305 
   19370102     690660 
   19370104    1507753 
   19370105    1869400 
   19370106    1921010 
   19370107    3055970 
   19370108    3217010 
   19370109    1448662 
   19370111    3076130 
   19370112    3564775 
   19370113    3083040 
   19370114    3259310 
   19370115    2897030 
   19370116    1705240 
   19370118    2860550 
   19370119    2619110 
   19370120    3271370 
   19370121    2991880 
   19370122    2684170 
   19370123    1115840 
   19370125    2219010 
   19370126    2174730 
   19370127    1936736 
   19370128    2342530 
   19370129    1964770 
   19370130    1194730 
   19370201    2357270 
   19370202    2428500 
   19370203    2452070 
   19370204    2388480 
   19370205    3320820 
   19370206    1453480 
   19370208     298600 
   19370209    2593350 
   19370210    2919520 
   19370211    2916890 
   19370213    1371060 
   19370215    1959640 
   19370216    2221110 
   19370217    2578690 
   19370218    2131250 
   19370219    2725230 
   19370220    1484730 
   19370223    2868550 
   19370224    2084380 
   19370225    2227230 
   19370226    1775590 
   19370227    1003570 
   19370301    1661600 
   19370302    2294970 
   19370303    3567770 
   19370304    2725830 
   19370305    2827780 
   19370306    1767100 
   19370308    3175160 
   19370309    2387670 
   19370310    2823670 
   19370311    2739410 
   19370312    2289940 
   19370313    1129070 
   19370315    1766540 
   19370316    1750150 
   19370317    2116980 
   19370318    2276320 
   19370319    1741180 
   19370320     713030 
   19370322    2025860 
   19370323    1595860 
   19370324    1429910 
   19370325    1249740 
   19370327     531590 
   19370329     871470 
   19370330    1224910 
   19370331    1662770 
   19370401    1207620 
   19370402    1635030 
   19370403     643050 
   19370405     976270 
   19370406    1250840 
   19370407    2290290 
   19370408    1920230 
   19370409    1732850 
   19370410     480360 
   19370412    1134240 
   19370413    1585010 
   19370414    1479440 
   19370415     940800 
   19370416    1068110 
   19370417     444100 
   19370419     818120 
   19370420    1126460 
   19370421    1247780 
   19370422    1180020 
   19370423    1202569 
   19370424     807640 
   19370426    2023210 
   19370427    1411700 
   19370428    2525580 
   19370429    2026020 
   19370430    1449500 
   19370501     551450 
   19370503     638360 
   19370504     869930 
   19370505     766060 
   19370506     755300 
   19370507     817045 
   19370508     285390 
   19370510     779530 
   19370511     746464 
   19370512     673676 
   19370513    1772450 
   19370514    1226060 
   19370515     343560 
   19370517     597070 
   19370518    1195420 
   19370519     789760 
   19370520    1227080 
   19370521     768460 
   19370522     480760 
   19370524     684014 
   19370525     842380 
   19370526     583520 
   19370527     596500 
   19370528     558950 
   19370601     746170 
   19370602     535480 
   19370603     551500 
   19370604     778190 
   19370605     342440 
   19370607     584780 
   19370608     597990 
   19370609     624240 
   19370610     567150 
   19370611     722021 
   19370612     387220 
   19370614    1310059 
   19370615     928463 
   19370616     698530 
   19370617    1259100 
   19370618     694130 
   19370619     220950 
   19370621     423760 
   19370622     534060 
   19370623     551270 
   19370624     553390 
   19370625     574620 
   19370626     288240 
   19370628     733930 
   19370629     552940 
   19370630     688570 
   19370701     669940 
   19370702     838735 
   19370706    1412350 
   19370707    1408570 
   19370708    1031870 
   19370709     845320 
   19370710     297700 
   19370712    1022840 
   19370713     848610 
   19370714    1036890 
   19370715     736860 
   19370716     703980 
   19370717     248340 
   19370719     950830 
   19370720    1196000 
   19370721     981460 
   19370722     955780 
   19370723     914100 
   19370724     505790 
   19370726     895510 
   19370727     736010 
   19370728     866600 
   19370729     611160 
   19370730     617450 
   19370731     389590 
   19370802     791070 
   19370803     897260 
   19370804     902650 
   19370805     794760 
   19370806     679430 
   19370807     314863 
   19370809     751190 
   19370810     692380 
   19370811     571880 
   19370812     793300 
   19370813    1035630 
   19370814     467030 
   19370816     618390 
   19370817     657050 
   19370818     702090 
   19370819     761540 
   19370820     802270 
   19370821     280580 
   19370823     575020 
   19370824     560440 
   19370825     498410 
   19370826     965980 
   19370827     886300 
   19370828     254300 
   19370830     455030 
   19370831     503710 
   19370901     820280 
   19370902    1202400 
   19370903     690900 
   19370904     229980 
   19370907    1871150 
   19370908    2256110 
   19370909    1411550 
   19370910    2321820 
   19370911    1404120 
   19370913    2561820 
   19370914    1510250 
   19370915    1143140 
   19370916     885780 
   19370917     814310 
   19370918     703370 
   19370920    1550250 
   19370921     981450 
   19370922     739280 
   19370923     887750 
   19370924    2482210 
   19370925    1469520 
   19370927    2208580 
   19370928    1307840 
   19370929    1353930 
   19370930    1046398 
   19371001     674905 
   19371002     285220 
   19371004     631500 
   19371005    1683420 
   19371006    1784910 
   19371007    1191320 
   19371008    1152500 
   19371009     488980 
   19371011    1747945 
   19371013    2567030 
   19371014    1681430 
   19371015    2538280 
   19371016    1320430 
   19371018    3232220 
   19371019    7288080 
   19371020    4338520 
   19371021    3638601 
   19371022    2112690 
   19371023    1565020 
   19371025    2343940 
   19371026    1822840 
   19371027    1064120 
   19371028    2459560 
   19371029    2800240 
   19371030     713910 
   19371101    1029110 
   19371103    1735840 
   19371104    1471440 
   19371105    1245250 
   19371106     766390 
   19371108    1377566 
   19371109    1048770 
   19371110    1924150 
   19371112    1882930 
   19371113     509500 
   19371115    1445310 
   19371116    1269370 
   19371117     757670 
   19371118     903120 
   19371119    1886960 
   19371120    1232100 
   19371122    1517390 
   19371123    1640860 
   19371124     986840 
   19371126    1183920 
   19371127    1141230 
   19371129    1145910 
   19371130    1153000 
   19371201     696870 
   19371202     937590 
   19371203    1557000 
   19371204     566970 
   19371206     835760 
   19371207     965250 
   19371208    1520430 
   19371209    1082318 
   19371210    1075260 
   19371211     389970 
   19371213    1017384 
   19371214     896330 
   19371215     929480 
   19371216    1033830 
   19371217     792760 
   19371218     500550 
   19371220    1398563 
   19371221    1283640 
   19371222    1154500 
   19371223    1056750 
   19371224     835160 
   19371227    1360120 
   19371228    2381850 
   19371229    2460470 
   19371230     913460 
   19371231     780115 
   19380103     915050 
   19380104     942080 
   19380105    1150940 
   19380106    1205240 
   19380107    1053720 
   19380108     779010 
   19380110    1826710 
   19380111    1506260 
   19380112    1209850 
   19380113     970610 
   19380114     847600 
   19380115     737810 
   19380117     932880 
   19380118     778960 
   19380119    1001911 
   19380120     818310 
   19380121     791410 
   19380122     405290 
   19380124     537130 
   19380125     535330 
   19380126    1616330 
   19380127    1207550 
   19380128    1189830 
   19380129     434170 
   19380131     757950 
   19380201     691690 
   19380202     583910 
   19380203    1088350 
   19380204     805990 
   19380205     445690 
   19380207     513151 
   19380208     773150 
   19380209     747770 
   19380210     631670 
   19380211     387210 
   19380214     400870 
   19380215     523310 
   19380216     472050 
   19380217     856590 
   19380218     768970 
   19380219     295950 
   19380221     757971 
   19380223    1299315 
   19380224     719907 
   19380225     898380 
   19380226     303230 
   19380228     560970 
   19380301     534340 
   19380302     406540 
   19380303     466870 
   19380304     488930 
   19380305     222000 
   19380307     619950 
   19380308     737890 
   19380309     561800 
   19380310     455040 
   19380311     770050 
   19380312     299850 
   19380314     427950 
   19380315     760220 
   19380316    1023500 
   19380317     642170 
   19380318    1577760 
   19380319     442070 
   19380321     542240 
   19380322     692780 
   19380323    1468300 
   19380324     885360 
   19380325    1677840 
   19380326    1383370 
   19380328    1249400 
   19380329    1721650 
   19380330    1666260 
   19380331    1271640 
   19380401     859420 
   19380402     603850 
   19380404     686960 
   19380405     692810 
   19380406     475710 
   19380407     331450 
   19380408     828290 
   19380409    1414480 
   19380411    1098554 
   19380412     600300 
   19380413     638040 
   19380414    1009980 
   19380416    1057860 
   19380418     857160 
   19380419     571680 
   19380420     775540 
   19380421     595240 
   19380422    1116200 
   19380423     410950 
   19380425     395880 
   19380426     444730 
   19380427     424870 
   19380428     538460 
   19380429     542920 
   19380430     147770 
   19380502     353010 
   19380503     472470 
   19380504     550500 
   19380505     687420 
   19380506    1021990 
   19380507     556240 
   19380509    1018250 
   19380510    1044140 
   19380511     978400 
   19380512     596504 
   19380513     604950 
   19380514     233220 
   19380516     395020 
   19380517     414360 
   19380518     398350 
   19380519     490960 
   19380520     439500 
   19380521     286070 
   19380523     328020 
   19380524     416700 
   19380525     555450 
   19380526     781170 
   19380527     760710 
   19380528     216880 
   19380531     403960 
   19380601     537610 
   19380602     475430 
   19380603     284850 
   19380604     306930 
   19380606     467330 
   19380607     372180 
   19380608     278410 
   19380609     591220 
   19380610     406370 
   19380611     107330 
   19380613     326890 
   19380614     346450 
   19380615     344620 
   19380616     342300 
   19380617     327840 
   19380618     104530 
   19380620    1087050 
   19380621    1457030 
   19380622    1712450 
   19380623    2403270 
   19380624    2290640 
   19380625    1161700 
   19380627    2105850 
   19380628    1289720 
   19380629    2658690 
   19380630    2581350 
   19380701    2024920 
   19380702    1472420 
   19380705    1695840 
   19380706    1817190 
   19380707    2774320 
   19380708    1567070 
   19380709     592300 
   19380711    1087230 
   19380712    1620100 
   19380713    2619250 
   19380714    1160970 
   19380715     933110 
   19380716     627270 
   19380718    1556130 
   19380719    2942110 
   19380720    2511440 
   19380721    1811905 
   19380722    1222140 
   19380723     776240 
   19380725    2106500 
   19380726    1252470 
   19380727    1973840 
   19380728    1065630 
   19380729    1204240 
   19380730     358940 
   19380801     586510 
   19380802     817760 
   19380803     817460 
   19380804     609700 
   19380805    1169940 
   19380806     829060 
   19380808     913930 
   19380809     829770 
   19380810     809980 
   19380811    1100810 
   19380812    1478780 
   19380813     396200 
   19380815     593710 
   19380816     614400 
   19380817     596050 
   19380818     446610 
   19380819     825680 
   19380820     245580 
   19380822     396620 
   19380823    1076510 
   19380824    1235160 
   19380825     826570 
   19380826     820110 
   19380827     350700 
   19380829    1248850 
   19380830     630550 
   19380831     461160 
   19380901     509170 
   19380902     553560 
   19380903     357390 
   19380906     415360 
   19380907     892660 
   19380908     569920 
   19380909     702990 
   19380910     416480 
   19380912     601960 
   19380913    1700680 
   19380914    2819070 
   19380915    1142300 
   19380916     671580 
   19380917     743790 
   19380919     825400 
   19380920    1198310 
   19380921    1025400 
   19380922     467200 
   19380923     721200 
   19380924     797370 
   19380926    1226390 
   19380927     771110 
   19380928    1572510 
   19380929    1229210 
   19380930    1895960 
   19381001     946490 
   19381003    1461730 
   19381004     947780 
   19381005    2235790 
   19381006    2451260 
   19381007    1464560 
   19381008    1113130 
   19381010    1663960 
   19381011    1534100 
   19381013    2361420 
   19381014    1954400 
   19381015    1468810 
   19381017    2520660 
   19381018    2408280 
   19381019    2433940 
   19381020    1616290 
   19381021    1715070 
   19381022    1126530 
   19381024    1678350 
   19381025    1488000 
   19381026    1702280 
   19381027    1995870 
   19381028    1562910 
   19381029     613990 
   19381031    1092870 
   19381101    1280730 
   19381102     783850 
   19381103    1065200 
   19381104    1196340 
   19381105     434510 
   19381107    1761890 
   19381109    3099580 
   19381110    2176053 
   19381112    1005680 
   19381114    1651280 
   19381115    1465980 
   19381116    1794780 
   19381117     994580 
   19381118    1416310 
   19381119     437080 
   19381121     942720 
   19381122     880430 
   19381123    1001770 
   19381125     808710 
   19381126     687020 
   19381128    1237702 
   19381129     817100 
   19381130     983000 
   19381201     862510 
   19381202     817390 
   19381203     322480 
   19381205     680370 
   19381206     959930 
   19381207    1104880 
   19381208     739150 
   19381209     698840 
   19381210     405610 
   19381212     899305 
   19381213    1093650 
   19381214    1965054 
   19381215    1798710 
   19381216    1147040 
   19381217     452870 
   19381219    1104140 
   19381220     937290 
   19381221    1057745 
   19381222    1042920 
   19381223    1216655 
   19381224     621110 
   19381227    1236280 
   19381228    2164180 
   19381229    1881860 
   19381230    1402910 
   19381231     853190 
   19390103    1152980 
   19390104    1500460 
   19390105    1571990 
   19390106     951460 
   19390107     632910 
   19390109    1099630 
   19390110     713050 
   19390111     915690 
   19390112    1363130 
   19390113     844980 
   19390114     469630 
   19390116     666660 
   19390117     823630 
   19390118     630660 
   19390119     887040 
   19390120     739690 
   19390121     657380 
   19390123    1873520 
   19390124    1699300 
   19390125     903300 
   19390126    1535890 
   19390127    1054830 
   19390128     582530 
   19390130     790220 
   19390131    1121790 
   19390201     581920 
   19390202     698080 
   19390203     542570 
   19390204     486160 
   19390206    1040910 
   19390207     570040 
   19390208     611530 
   19390209     546720 
   19390210     444638 
   19390211     322070 
   19390214     418390 
   19390215     498180 
   19390216     850160 
   19390217     682010 
   19390218     409110 
   19390220     693340 
   19390221     465580 
   19390223     455320 
   19390224     967390 
   19390225     783600 
   19390227     745625 
   19390228    1059980 
   19390301     634594 
   19390302     599215 
   19390303    1015535 
   19390304     584560 
   19390306     841940 
   19390307     568330 
   19390308    1049040 
   19390309    1357965 
   19390310    1210470 
   19390311     533085 
   19390313     647860 
   19390314     685190 
   19390315    1113000 
   19390316     668720 
   19390317    1470190 
   19390318    1007240 
   19390320     947000 
   19390321     688910 
   19390322    1440350 
   19390323     833640 
   19390324     645730 
   19390325     439270 
   19390327     566160 
   19390328     676810 
   19390329     465380 
   19390330     984600 
   19390331    2888390 
   19390401    1558430 
   19390403    1472510 
   19390404    1533910 
   19390405     880970 
   19390406    1313290 
   19390408    1640570 
   19390410    1646080 
   19390411    1663320 
   19390412    1072210 
   19390413     861880 
   19390414     619860 
   19390415     660200 
   19390417     524040 
   19390418     441770 
   19390419     436880 
   19390420     515558 
   19390421     391760 
   19390422     154960 
   19390424     414110 
   19390425     420920 
   19390426     584430 
   19390427     537920 
   19390428     728330 
   19390429     172330 
   19390501     279260 
   19390502     447320 
   19390503     744490 
   19390504     663430 
   19390505     328040 
   19390506     176750 
   19390508     349730 
   19390509     710260 
   19390510     692180 
   19390511     400190 
   19390512     343530 
   19390513     159340 
   19390515     334600 
   19390516     620540 
   19390517     534470 
   19390518     418280 
   19390519     400640 
   19390520     193280 
   19390522     417160 
   19390523     423130 
   19390524    1013780 
   19390525    1010450 
   19390526     623870 
   19390527     382460 
   19390529     603420 
   19390531     664610 
   19390601     598540 
   19390602     396940 
   19390603     175740 
   19390605     349070 
   19390606     598710 
   19390607     530640 
   19390608     411320 
   19390609     785570 
   19390610     254930 
   19390612     424200 
   19390613     531870 
   19390614     399270 
   19390615     583610 
   19390616     399940 
   19390617     171440 
   19390619     344820 
   19390620     484930 
   19390621     466150 
   19390622     450780 
   19390623     477610 
   19390624     187820 
   19390626     502290 
   19390627     475560 
   19390628     540680 
   19390629     822580 
   19390630     598780 
   19390701     185400 
   19390703     235140 
   19390705     351900 
   19390706     413700 
   19390707     328070 
   19390708     113320 
   19390710     282800 
   19390711     424850 
   19390712     913380 
   19390713     946360 
   19390714     543720 
   19390715     205760 
   19390717    1751700 
   19390718    1887670 
   19390719    1022300 
   19390720     805930 
   19390721    1265170 
   19390722     806110 
   19390724    1069210 
   19390725    1229650 
   19390726     891910 
   19390727     816870 
   19390728     811650 
   19390729     245360 
   19390731     519990 
   19390801     575030 
   19390802    1026620 
   19390803    1008067 
   19390804     900930 
   19390805     236980 
   19390807     518670 
   19390808     448760 
   19390809     467510 
   19390810     699730 
   19390811     700890 
   19390812     257880 
   19390814     546060 
   19390815     658330 
   19390816     640310 
   19390817     442900 
   19390818     836090 
   19390819     289650 
   19390821     848230 
   19390822     861640 
   19390823     793080 
   19390824    1293770 
   19390825     693374 
   19390826     521120 
   19390828     669510 
   19390829     483340 
   19390830     496420 
   19390831     457890 
   19390901    1970380 
   19390902    1791250 
   19390905    5934350 
   19390906    3942840 
   19390907    2597080 
   19390908    3511940 
   19390909    1555390 
   19390911    4683630 
   19390912    4168960 
   19390913    3762440 
   19390914    2008510 
   19390915    1594300 
   19390916    1084280 
   19390918    1733630 
   19390919    1830230 
   19390920    2142090 
   19390921    1730390 
   19390922    1660590 
   19390923     562460 
   19390925    1226210 
   19390926    1712070 
   19390927    2341730 
   19390928    1573930 
   19390929    1129410 
   19390930     843340 
   19391002     837990 
   19391003    1002750 
   19391004     974740 
   19391005     906680 
   19391006    1327630 
   19391007     585770 
   19391009     618012 
   19391010     953500 
   19391011     627690 
   19391013     735290 
   19391014     248850 
   19391016     485490 
   19391017    1842050 
   19391018    1403470 
   19391019    1161240 
   19391020     786480 
   19391021     535940 
   19391023     973890 
   19391024    1163330 
   19391025    1690600 
   19391026    1678600 
   19391027    1062520 
   19391028     481670 
   19391030     639170 
   19391031    1011582 
   19391101     794370 
   19391102     845710 
   19391103    1815860 
   19391104    1423620 
   19391106    1266290 
   19391108    1068410 
   19391109    1199630 
   19391110    1094390 
   19391113     652150 
   19391114     775340 
   19391115     634980 
   19391116     824690 
   19391117     770440 
   19391118     276560 
   19391120     744670 
   19391121     555555 
   19391122     566960 
   19391124     817481 
   19391125     293100 
   19391127     518330 
   19391128     621960 
   19391129     780700 
   19391130     883840 
   19391201     606480 
   19391202     228100 
   19391204     427815 
   19391205     589620 
   19391206     990620 
   19391207    1005170 
   19391208     574680 
   19391209     261730 
   19391211     567100 
   19391212     612350 
   19391213    1060150 
   19391214     887450 
   19391215     704480 
   19391216     335440 
   19391218     724640 
   19391219     751750 
   19391220     908620 
   19391221     743420 
   19391222     719520 
   19391223     331672 
   19391226     724070 
   19391227    1146440 
   19391228    1080780 
   19391229    1135361 
   19391230     655955 