                        
                  Stock 
       Date      Volume 
   19500103     1258080 
   19500104     1890540 
   19500105     2547930 
   19500106     2012180 
   19500107     1329780 
   19500109     2522730 
   19500110     2155570 
   19500111     2631150 
   19500112     2972890 
   19500113     3332180 
   19500114     1184090 
   19500116     1462950 
   19500117     1787570 
   19500118     1565740 
   19500119     1174240 
   19500120     1438630 
   19500121      550850 
   19500123     1342970 
   19500124     1249670 
   19500125     1701010 
   19500126     1153095 
   19500127     1251240 
   19500128      737080 
   19500130     1635370 
   19500131     1688580 
   19500201     1810460 
   19500202     2039270 
   19500203     2210480 
   19500204      725240 
   19500206     1487330 
   19500207     1357650 
   19500208     1474110 
   19500209     1806630 
   19500210     1787120 
   19500211      826170 
   19500214     2213030 
   19500215     1733440 
   19500216     1916450 
   19500217     1936920 
   19500218     1048940 
   19500220     1419452 
   19500221     1258320 
   19500223     1306190 
   19500224     1710850 
   19500225      620770 
   19500227     1404930 
   19500228     1312500 
   19500301     1412730 
   19500302     1344430 
   19500303     1514870 
   19500304      942440 
   19500306     1470275 
   19500307     1588840 
   19500308     1358740 
   19500309     1332170 
   19500310     1256860 
   19500311      524770 
   19500313     1060930 
   19500314     1135380 
   19500315     1830730 
   19500316     2063160 
   19500317     1597600 
   19500318      607630 
   19500320     1424930 
   19500321     1398790 
   19500322     2005970 
   19500323     2020490 
   19500324     1568180 
   19500325      888140 
   19500327     1933580 
   19500328     1779450 
   19500329     2094080 
   19500330     2373010 
   19500331     1882850 
   19500401      683100 
   19500403     1574070 
   19500404     2012568 
   19500405     1427580 
   19500406     2003220 
   19500408     1092810 
   19500410     2068422 
   19500411     2011390 
   19500412     2012455 
   19500413     2406180 
   19500414     2750020 
   19500415     1434120 
   19500417     2517160 
   19500418     3322000 
   19500419     2944532 
   19500420     2585134 
   19500421     2710736 
   19500422     1256060 
   19500424     2311410 
   19500425     1830688 
   19500426     1877330 
   19500427     2064840 
   19500428     2184730 
   19500429     1164110 
   19500501     2388860 
   19500502     2247470 
   19500503     2122230 
   19500504     2147990 
   19500505     1796370 
   19500506      909720 
   19500508     1683775 
   19500509     1721860 
   19500510     1877150 
   19500511     1751550 
   19500512     1787030 
   19500513      574200 
   19500515     1220170 
   19500516     1733060 
   19500517     2019210 
   19500518     1765630 
   19500519     2110210 
   19500520      903920 
   19500522     1615695 
   19500523     1458620 
   19500524     1848000 
   19500525     1478390 
   19500526     1332860 
   19500527      467030 
   19500529     1110394 
   19500531     1532650 
   19500601     1578260 
   19500602     1453495 
   19500605     1631320 
   19500606     2250170 
   19500607     1747930 
   19500608     1782240 
   19500609     2130510 
   19500612     1791481 
   19500613     1784535 
   19500614     1652260 
   19500615     1525500 
   19500616     1175240 
   19500619     1290770 
   19500620     1472270 
   19500621     1748830 
   19500622     1829550 
   19500623     1704083 
   19500626     3949174 
   19500627     4858970 
   19500628     2597280 
   19500629     3035000 
   19500630     2658230 
   19500703     1544780 
   19500705     1398010 
   19500706     1566060 
   19500707     1865510 
   19500710     1256064 
   19500711     3246270 
   19500712     3196590 
   19500713     2659780 
   19500714     1901850 
   19500717     1523055 
   19500718     1822920 
   19500719     2427248 
   19500720     3163470 
   19500721     2807520 
   19500724     2297540 
   19500725     2769901 
   19500726     2454506 
   19500727     2303670 
   19500728     2050091 
   19500731     1593720 
   19500801     1973360 
   19500802     1982330 
   19500803     1654780 
   19500804     1598960 
   19500807     1850950 
   19500808     2179440 
   19500809     1759010 
   19500810     1866885 
   19500811     1678372 
   19500814     1277400 
   19500816     1772165 
   19500817     2165860 
   19500818     1776780 
   19500821     1841770 
   19500822     1547339 
   19500823     1574270 
   19500824     1624250 
   19500825     1610080 
   19500828     1296820 
   19500829     1485294 
   19500830     1489960 
   19500831     1135680 
   19500901     1289870 
   19500905     1250170 
   19500906     1298870 
   19500907     1344430 
   19500908     1961550 
   19500911     1856610 
   19500912     1675721 
   19500913     2597410 
   19500914     2354350 
   19500915     2405780 
   19500918     2042390 
   19500919     1592855 
   19500920     2101580 
   19500921     1651200 
   19500922     2512668 
   19500925     2014980 
   19500926     2279610 
   19500927     2363340 
   19500928     2201140 
   19500929     1799830 
   19501002     2199210 
   19501003     2478750 
   19501004     2923960 
   19501005     2489360 
   19501006     2360290 
   19501007      974280 
   19501009     2325830 
   19501010     1873590 
   19501011     2202920 
   19501013     2033120 
   19501014      823280 
   19501016     1632450 
   19501017     2010806 
   19501018     2411540 
   19501019     2252410 
   19501020     1842960 
   19501021      732910 
   19501023     1853915 
   19501024     1789140 
   19501025     1928842 
   19501026     2998900 
   19501027     1801170 
   19501028      645590 
   19501030     1790890 
   19501031     2013700 
   19501101     1782540 
   19501102     1576959 
   19501103     1555106 
   19501104      503866 
   19501106     2581320 
   19501108     1844857 
   19501109     1763839 
   19501110     1637203 
   19501113     1631170 
   19501114     1682370 
   19501115     1621230 
   19501116     1762410 
   19501117     2126145 
   19501118     1047290 
   19501120     2252020 
   19501121     2011700 
   19501122     2731010 
   19501124     2620010 
   19501125      793330 
   19501127     1743290 
   19501128     2966824 
   19501129     2768495 
   19501130     2082485 
   19501201     1874490 
   19501202      776560 
   19501204     2510660 
   19501205     1938340 
   19501206     2012520 
   19501207     1813610 
   19501208     2308200 
   19501209     1230080 
   19501211     2596960 
   19501212     2136920 
   19501213     2026830 
   19501214     2655790 
   19501215     2419460 
   19501216     2019600 
   19501218     4499920 
   19501219     3648585 
   19501220     3507450 
   19501221     2993900 
   19501222     2722060 
   19501226     2656735 
   19501227     2936463 
   19501228     3562133 
   19501229     3441970 
   19501230     1530320 
   19508015     1330920 
   19510102     3034725 
   19510103     3366552 
   19510104     3390240 
   19510105     3394950 
   19510106     1164380 
   19510108     2783715 
   19510109     3804730 
   19510110     3266600 
   19510111     3486205 
   19510112     2954098 
   19510113     1066550 
   19510115     2833880 
   19510116     3738400 
   19510117     3877470 
   19510118     3488050 
   19510119     3166535 
   19510120     1143860 
   19510122     2569180 
   19510123     2077090 
   19510124     1989440 
   19510125     2522110 
   19510126     2234020 
   19510127     1387100 
   19510129     2627130 
   19510130     2477980 
   19510131     2335740 
   19510201     2384940 
   19510202     3029950 
   19510203     1391310 
   19510205     2683600 
   19510206     2365670 
   19510207     2024270 
   19510208     2117000 
   19510209     2545520 
   19510210     1064430 
   19510213     2402758 
   19510214     2050425 
   19510215     1704800 
   19510216     1857940 
   19510217      817960 
   19510219     1908814 
   19510220     2007450 
   19510221     1674500 
   19510223     1541690 
   19510224      684110 
   19510226     1651460 
   19510227     1684610 
   19510228     1638670 
   19510301     1610100 
   19510302     1570870 
   19510303      617300 
   19510305     1692088 
   19510306     1491962 
   19510307     1773290 
   19510308     1435660 
   19510309     1605701 
   19510310      568760 
   19510312     1640324 
   19510313     2332580 
   19510314     2107890 
   19510315     2066840 
   19510316     1657300 
   19510317      630770 
   19510319     1122540 
   19510320     1015900 
   19510321     1313020 
   19510322     1293750 
   19510324      899420 
   19510326     1232300 
   19510327     1249990 
   19510328     1772130 
   19510329     1296350 
   19510330     1147567 
   19510331      480900 
   19510402     1280830 
   19510403     1221820 
   19510404     1302055 
   19510405     1791560 
   19510406     1449870 
   19510407      436290 
   19510409     1114543 
   19510410     1279730 
   19510411     1419855 
   19510412     1532685 
   19510413     2122470 
   19510414      950860 
   19510416     1729120 
   19510417     1465168 
   19510418     1783320 
   19510419     1517270 
   19510420      935370 
   19510421      389480 
   19510423     1164300 
   19510424     1424960 
   19510425     1524840 
   19510426     1796180 
   19510427     2120760 
   19510428      751340 
   19510430     1785058 
   19510501     1759360 
   19510502     1901360 
   19510503     2062640 
   19510504     2047130 
   19510505      591480 
   19510507     1581370 
   19510508     1598480 
   19510509     1961300 
   19510510     1656850 
   19510511     1642870 
   19510512      648640 
   19510514     1253090 
   19510515     2023520 
   19510516     1663400 
   19510517     1368780 
   19510518     1660430 
   19510519      607550 
   19510521     1583030 
   19510522     1441100 
   19510523     1542510 
   19510524     2583820 
   19510525     1209540 
   19510526      419690 
   19510528     1235720 
   19510529     1191480 
   19510531     1221750 
   19510601      980650 
   19510604     1104730 
   19510605     1182620 
   19510606     1199090 
   19510607     1339869 
   19510608     1002450 
   19510611     1219185 
   19510612     1201470 
   19510613     1062380 
   19510614     1300930 
   19510615     1374230 
   19510618     1054511 
   19510619     1098260 
   19510620     1118245 
   19510621     1101420 
   19510622     1338100 
   19510625     2438680 
   19510626     1258810 
   19510627     1364740 
   19510628     1935210 
   19510629     1726570 
   19510702     1353240 
   19510703     1249940 
   19510705     1409870 
   19510706     1170021 
   19510709     1107880 
   19510710      994070 
   19510711      972530 
   19510712     1049440 
   19510713     1316920 
   19510716     1196420 
   19510717     1281950 
   19510718     1363880 
   19510719     1115710 
   19510720     1391190 
   19510723     1317110 
   19510724     1743670 
   19510725     1873690 
   19510726     1483930 
   19510727     1445300 
   19510730     1601550 
   19510731     1550280 
   19510801     1678616 
   19510802     2133100 
   19510803     1574500 
   19510806     1600810 
   19510807     1813180 
   19510808     1413830 
   19510809     1497240 
   19510810     1255050 
   19510813     1322980 
   19510814     1184136 
   19510815     1337680 
   19510816     1750750 
   19510817     1619462 
   19510820     1130770 
   19510821     1402987 
   19510822     1129480 
   19510823     1232580 
   19510824     1207600 
   19510827     1078779 
   19510828     1274170 
   19510829     1520423 
   19510830     1952290 
   19510831     1531210 
   19510904     1519490 
   19510905     1854824 
   19510906     2151570 
   19510907     1926710 
   19510910     2194500 
   19510911     2037930 
   19510912     2178370 
   19510913     2348310 
   19510914     2169820 
   19510917     1799900 
   19510918     2031050 
   19510919     2065490 
   19510920     2102500 
   19510921     2180840 
   19510924     1634800 
   19510925     1742500 
   19510926     1524760 
   19510927     1541780 
   19510928     1389760 
   19511001     1334390 
   19511002     1871220 
   19511003     2378980 
   19511004     1809315 
   19511005     2079860 
   19511006      757040 
   19511008     1860950 
   19511009     1752470 
   19511010     1321165 
   19511011     1764650 
   19511013      745950 
   19511015     1715280 
   19511016     1727190 
   19511017     1460580 
   19511018     1447390 
   19511019     1992900 
   19511020     1021580 
   19511022     2692830 
   19511023     2114480 
   19511024     1668350 
   19511025     1361990 
   19511026     1707675 
   19511027     1137370 
   19511029     1780820 
   19511030     1531367 
   19511031     1494750 
   19511101     1426090 
   19511102     1228090 
   19511103      680580 
   19511105     1125560 
   19511107     1492930 
   19511108     1408520 
   19511109     1471010 
   19511110      542510 
   19511113     1164070 
   19511114     1217900 
   19511115     1202860 
   19511116     1137600 
   19511117      399140 
   19511119     1029010 
   19511120     1125082 
   19511121     1092835 
   19511123     1208477 
   19511124      486230 
   19511126     1176340 
   19511127     1307310 
   19511128     1154330 
   19511129     1073705 
   19511130     1526700 
   19511201      504333 
   19511203     1221580 
   19511204     1282345 
   19511205     1331931 
   19511206     1835408 
   19511207     1990302 
   19511210     1342480 
   19511211     1363810 
   19511212     1280530 
   19511213     1382800 
   19511214     1355775 
   19511215      418490 
   19511217     1218638 
   19511218      582766 
   19511218     1292982 
   19511219     1505180 
   19511220     1340530 
   19511221     1253110 
   19511222      450530 
   19511224      680110 
   19511226     1516415 
   19511227     1455990 
   19511228     1472560 
   19511229      564030 
   19511231     1440229 
   19520102     1069500 
   19520103     1222457 
   19520104     1475560 
   19520105      491940 
   19520107     1537760 
   19520108     1390510 
   19520109     1367160 
   19520110     1521480 
   19520111     1760910 
   19520112      753190 
   19520114     1513150 
   19520115     1340200 
   19520116     1425270 
   19520117     1589550 
   19520118     1736600 
   19520119      734070 
   19520121     1732650 
   19520122     1918560 
   19520123     1675500 
   19520124     1565540 
   19520125     1648083 
   19520126      661920 
   19520128     1592840 
   19520129     1725580 
   19520130     1877663 
   19520131     1813430 
   19520201     1354480 
   19520202      611480 
   19520204     1641463 
   19520205     1585180 
   19520206     1306170 
   19520207     1167440 
   19520208     1350440 
   19520209      480040 
   19520211     1137608 
   19520213     1303685 
   19520214     1341583 
   19520215     1196186 
   19520216      390600 
   19520218     1138010 
   19520219     1630990 
   19520220     1968300 
   19520221     1363930 
   19520223      532410 
   19520225     1202300 
   19520226     1082630 
   19520227     1261940 
   19520228     1146560 
   19520229     1001840 
   19520301      462980 
   19520303     1024520 
   19520304     1571155 
   19520305     1381120 
   19520306     1207530 
   19520307     1405100 
   19520308      673930 
   19520310     1167090 
   19520311     1207960 
   19520312     1315560 
   19520313     1272270 
   19520314     1345370 
   19520315      638630 
   19520317     1152480 
   19520318     1167350 
   19520319     1093610 
   19520320     1239890 
   19520321     1289263 
   19520322      413200 
   19520324     1043420 
   19520325     1061910 
   19520326     1034620 
   19520327     1374595 
   19520328     1555430 
   19520329      737110 
   19520331     1676800 
   19520401     1721730 
   19520402     1261440 
   19520403     1276036 
   19520404     1190950 
   19520405      426050 
   19520407     1231130 
   19520408     1092140 
   19520409      984450 
   19520410     1133390 
   19520412      497660 
   19520414     1787550 
   19520415     1724015 
   19520416     1395590 
   19520417     1615520 
   19520418     1236705 
   19520419      342840 
   19520421     1107010 
   19520422     1244494 
   19520423     1085850 
   19520424     1581010 
   19520425     1235060 
   19520426      546580 
   19520428      984310 
   19520429     1167300 
   19520430     1094120 
   19520501     1395766 
   19520502     1299080 
   19520503      384920 
   19520505      855850 
   19520506     1120060 
   19520507     1120350 
   19520508     1299480 
   19520509      962660 
   19520510      309460 
   19520512      797420 
   19520513      893340 
   19520514      950290 
   19520515     1045330 
   19520516      907885 
   19520517      268550 
   19520519      780080 
   19520520     1145620 
   19520521     1209010 
   19520522     1361647 
   19520523     1153160 
   19520524      297375 
   19520526      935955 
   19520527     1036644 
   19520528     1130840 
   19520529      995010 
   19520602     1190490 
   19520603      941430 
   19520604     1196430 
   19520605     1417900 
   19520606     1520168 
   19520609     1272290 
   19520610     1216340 
   19520611     1186730 
   19520612     1366540 
   19520613     1134780 
   19520616      977960 
   19520617      916850 
   19520618     1270130 
   19520619     1320030 
   19520620     1186530 
   19520623     1198610 
   19520624     1203130 
   19520625     1226390 
   19520626     1187350 
   19520627     1209280 
   19520630     1376280 
   19520701     1453880 
   19520702     1319920 
   19520703     1153150 
   19520707     1080230 
   19520708      854870 
   19520709     1119830 
   19520710     1007200 
   19520711     1037280 
   19520714     1090200 
   19520715     1219995 
   19520716     1120040 
   19520717     1012140 
   19520718     1025570 
   19520721      782950 
   19520722      910480 
   19520723     1023896 
   19520724     1270880 
   19520725     1131730 
   19520728     1032519 
   19520729     1014264 
   19520730     1229330 
   19520731     1225070 
   19520801     1050900 
   19520804      954265 
   19520805     1054280 
   19520806     1135150 
   19520807     1187610 
   19520808     1174710 
   19520811     1163389 
   19520812     1108770 
   19520813      979250 
   19520814      927220 
   19520815      889010 
   19520818     1088530 
   19520819      984560 
   19520820      963711 
   19520821      795600 
   19520822      914900 
   19520825      838120 
   19520826      888440 
   19520827      930458 
   19520828      985655 
   19520829      890450 
   19520902      971100 
   19520903     1203160 
   19520904     1117050 
   19520905     1045430 
   19520908     1173450 
   19520909     1316560 
   19520910     1592670 
   19520911      971600 
   19520912     1045060 
   19520915     1095900 
   19520916     1144910 
   19520917     1004910 
   19520918     1030570 
   19520919     1149250 
   19520922     1163560 
   19520923     1238200 
   19520924     1388570 
   19520925     1209468 
   19520926     1183010 
   19520929      972570 
   19520930     1118230 
   19521001     1061290 
   19521002     1045160 
   19521003      980960 
   19521006     1067660 
   19521007      947940 
   19521008     1264890 
   19521009     1087860 
   19521010     1069300 
   19521014     1133460 
   19521015     1731530 
   19521016     1728560 
   19521017     1362215 
   19521020     1049740 
   19521021      989210 
   19521022     1162120 
   19521023     1262320 
   19521024     1057230 
   19521027     1003210 
   19521028     1086940 
   19521029     1033300 
   19521030     1092500 
   19521031     1763780 
   19521103     1667890 
   19521105     2027070 
   19521106     1392690 
   19521107     1544420 
   19521110     1361730 
   19521112     1491970 
   19521113     1335190 
   19521114     1704521 
   19521117     1493485 
   19521118     2252905 
   19521119     2351760 
   19521120     1739115 
   19521121     1764580 
   19521124     2096100 
   19521125     1930620 
   19521126     1922630 
   19521128     2162600 
   19521201     2103325 
   19521202     1603460 
   19521203     1614905 
   19521204     1572115 
   19521205     1506380 
   19521208     1796440 
   19521209     2123000 
   19521210     1882580 
   19521211     1791225 
   19521212     2031480 
   19521215     1945410 
   19521216     1985250 
   19521217     1697680 
   19521218     1864470 
   19521219     2046725 
   19521222     2096250 
   19521223     2100230 
   19521224     1505020 
   19521226     1294770 
   19521229     1836060 
   19521230     2071050 
   19521231     2047772 
   19530102     1445320 
   19530105     2135184 
   19530106     2084120 
   19530107     1762490 
   19530108     1783335 
   19530109     2079620 
   19530112     1503600 
   19530113     1684040 
   19530114     1366880 
   19530115     1453580 
   19530116     1715045 
   19530119     1357620 
   19530120     1488151 
   19530121     1300320 
   19530122     1383130 
   19530123     1336900 
   19530126     1418190 
   19530127     1548940 
   19530128     1641050 
   19530129     1834729 
   19530130     1764658 
   19530202     1890840 
   19530203     1564610 
   19530204     1663640 
   19530205     1902560 
   19530206     1870900 
   19530209     1779710 
   19530210     1346450 
   19530211     1238290 
   19530213     1353650 
   19530216     1329900 
   19530217     1291730 
   19530218     1216960 
   19530219     1388410 
   19530220     1403130 
   19530224     2302430 
   19530225     2372250 
   19530226     2292390 
   19530227     2001410 
   19530302     1762810 
   19530303     1851560 
   19530304     2007450 
   19530305     1539620 
   19530306     1682710 
   19530309     1598600 
   19530310     1524440 
   19530311     1890080 
   19530312     1776310 
   19530313     1747690 
   19530316     1766820 
   19530317     2113320 
   19530318     2105120 
   19530319     1835110 
   19530320     1732075 
   19530323     1754030 
   19530324     1973410 
   19530325     2311620 
   19530326     1996330 
   19530327     1641702 
   19530330     2742340 
   19530331     3119110 
   19530401     2241460 
   19530402     1722720 
   19530406     3046810 
   19530407     2492440 
   19530408     1856050 
   19530409     1524970 
   19530410     1357590 
   19530413     1279740 
   19530414     1483480 
   19530415     1586230 
   19530416     1308040 
   19530417     1435640 
   19530420     1522820 
   19530421     1246090 
   19530422     1396140 
   19530423     1915311 
   19530424     1782850 
   19530427     1395480 
   19530428     1327055 
   19530429     1311170 
   19530430     1138150 
   19530501     1204580 
   19530504     1525570 
   19530505     1289940 
   19530506     1106580 
   19530507     1108910 
   19530508     1223320 
   19530511     1015420 
   19530512     1082255 
   19530513     1121600 
   19530514     1208210 
   19530515     1203910 
   19530518     1078800 
   19530519     1117505 
   19530520     1695105 
   19530521     1587670 
   19530522     1354670 
   19530525     1180898 
   19530526     1162650 
   19530527     1345580 
   19530528     1236255 
   19530529      917560 
   19530601     1491740 
   19530602     1447070 
   19530603     1045960 
   19530604     1392580 
   19530605     1158080 
   19530608      995120 
   19530609     2195350 
   19530610     1961815 
   19530611     1216129 
   19530612      916782 
   19530615     1091020 
   19530616     1373755 
   19530617     1146967 
   19530618     1009090 
   19530619      891020 
   19530622     1032921 
   19530623     1082630 
   19530624     1025170 
   19530625     1154571 
   19530626      825240 
   19530629      801500 
   19530630      820580 
   19530701      905400 
   19530702     1026890 
   19530703      831375 
   19530706      816760 
   19530707     1028690 
   19530708      948867 
   19530709      913890 
   19530710      862997 
   19530713     1120580 
   19530714     1034810 
   19530715      840100 
   19530716      792420 
   19530717      840210 
   19530720      835030 
   19530721      848270 
   19530722      895990 
   19530723     1001230 
   19530724      890030 
   19530727     1208300 
   19530728     1080700 
   19530729      995360 
   19530730     1197400 
   19530731     1318679 
   19530803     1164235 
   19530804      997080 
   19530805     1078680 
   19530806     1199760 
   19530807      950450 
   19530810     1086300 
   19530811      939290 
   19530812      990010 
   19530813     1043810 
   19530814      998220 
   19530817      908270 
   19530818     1029440 
   19530819     1397295 
   19530820      861460 
   19530821      846275 
   19530824     1321229 
   19530825     1474690 
   19530826     1059920 
   19530827     1293430 
   19530828     1060875 
   19530831     2192220 
   19530901     1585520 
   19530902     1108130 
   19530903      902811 
   19530904      765190 
   19530908      738090 
   19530909      856390 
   19530910     1013580 
   19530911     1929595 
   19530914     2552370 
   19530915     2856010 
   19530916     1574460 
   19530917     1293500 
   19530918     1191170 
   19530921     1070910 
   19530922     1302470 
   19530923     1241100 
   19530924     1015100 
   19530925      908240 
   19530928     1149970 
   19530929     1169750 
   19530930      947840 
   19531001      945860 
   19531002      892880 
   19531005      931600 
   19531006     1104257 
   19531007     1007634 
   19531008      965027 
   19531009      897190 
   19531013     1126590 
   19531014     1288940 
   19531015     1710170 
   19531016     1617020 
   19531019     1186620 
   19531020     1283530 
   19531021     1319370 
   19531022     1333380 
   19531023     1329400 
   19531026     1344300 
   19531027     1171420 
   19531028     1258100 
   19531029     1613614 
   19531030     1401570 
   19531102     1340876 
   19531104     1482650 
   19531105     1727300 
   19531106     1702630 
   19531109     1439810 
   19531110     1341440 
   19531112     1394850 
   19531113     1541590 
   19531116     1494295 
   19531117     1253325 
   19531118     1245080 
   19531119     1422250 
   19531120     1304600 
   19531123     1410150 
   19531124     1471410 
   19531125     1543040 
   19531127     1603030 
   19531130     1966005 
   19531201     1577520 
   19531202     1851470 
   19531203     1740193 
   19531204     1389605 
   19531207     1405470 
   19531208     1395685 
   19531209     1405685 
   19531210     1423665 
   19531211     1438730 
   19531214     1539160 
   19531215     1451580 
   19531216     1876148 
   19531217     1597615 
   19531218     1549555 
   19531221     1688980 
   19531222     1718540 
   19531223     1573370 
   19531224     1272570 
   19531228     1570950 
   19531229     2157135 
   19531230     2045070 
   19531231     2489980 
   19540104     1306644 
   19540105     1519295 
   19540106     1460394 
   19540107     1536367 
   19540108     1260093 
   19540111     1214640 
   19540112     1250155 
   19540113     1419967 
   19540114     1525210 
   19540115     2179630 
   19540118     1576532 
   19540119     1843210 
   19540120     1962880 
   19540121     1749514 
   19540122     1885465 
   19540125     1866220 
   19540126     2122560 
   19540127     2020460 
   19540128     1730275 
   19540129     1945050 
   19540201     1745482 
   19540202     1415905 
   19540203     1691825 
   19540204     2047000 
   19540205     2035982 
   19540208     2187140 
   19540209     1877670 
   19540210     1792010 
   19540211     1858630 
   19540212     1725942 
   19540215     2083270 
   19540216     1871380 
   19540217     1741629 
   19540218     1501695 
   19540219     1514465 
   19540223     1472289 
   19540224     1353390 
   19540225     1469840 
   19540226     1909216 
   19540301     2051830 
   19540302     1981889 
   19540303     2242360 
   19540304     1833920 
   19540305     2030980 
   19540308     1654870 
   19540309     1633200 
   19540310     1873135 
   19540311     2053900 
   19540312     1982380 
   19540315     1683130 
   19540316     1543960 
   19540317     1747200 
   19540318     2025335 
   19540319     1934760 
   19540322     1798219 
   19540323     2190620 
   19540324     1903130 
   19540325     1724925 
   19540326     1550510 
   19540329     1864720 
   19540330     2132740 
   19540331     2694670 
   19540401     2265320 
   19540402     1827980 
   19540405     1716590 
   19540406     2120450 
   19540407     1833400 
   19540408     2298360 
   19540409     2361150 
   19540412     1787400 
   19540413     2020620 
   19540414     2332560 
   19540415     2204820 
   19540419     2430310 
   19540420     1857630 
   19540421     1865980 
   19540422     1750045 
   19540423     1992400 
   19540426     2151250 
   19540427     1968640 
   19540428     2125310 
   19540429     2510330 
   19540430     2446670 
   19540503     1866230 
   19540504     1989090 
   19540505     2016030 
   19540506     1979570 
   19540507     2084670 
   19540510     1799400 
   19540511     1769210 
   19540512     2211795 
   19540513     2339820 
   19540514     1977460 
   19540517     2038240 
   19540518     2250400 
   19540519     2172809 
   19540520     2071870 
   19540521     2617820 
   19540524     2325100 
   19540525     2046540 
   19540526     2184880 
   19540527     2228660 
   19540528     1943150 
   19540601     1854670 
   19540602     1934310 
   19540603     1816600 
   19540604     1715110 
   19540607     1520040 
   19540608     2525345 
   19540609     2360910 
   19540610     1607210 
   19540611     1626760 
   19540614     1419870 
   19540615     1635680 
   19540616     2066760 
   19540617     1805430 
   19540618     1587290 
   19540621     1824700 
   19540622     2093420 
   19540623     2085850 
   19540624     2258230 
   19540625     2061810 
   19540628     1887140 
   19540629     2584583 
   19540630     1953220 
   19540701     1857780 
   19540702     1984058 
   19540706     2558146 
   19540707     2378190 
   19540708     2078610 
   19540709     2241000 
   19540712     2332090 
   19540713     2429540 
   19540714     2517860 
   19540715     3010810 
   19540716     2536100 
   19540719     2373620 
   19540720     2575940 
   19540721     2513040 
   19540722     2888482 
   19540723     2529610 
   19540726     2113950 
   19540727     2688375 
   19540728     2742650 
   19540729     2706716 
   19540730     2797330 
   19540802     2848360 
   19540803     2984740 
   19540804     3614150 
   19540805     3149110 
   19540806     3347040 
   19540809     2281020 
   19540810     2890880 
   19540811     3444710 
   19540812     2679223 
   19540813     2509080 
   19540816     2763991 
   19540817     2897320 
   19540818     2385750 
   19540819     2317750 
   19540820     2108580 
   19540823     2019570 
   19540824     2000580 
   19540825     2284570 
   19540826     2074180 
   19540827     1732790 
   19540830     1951840 
   19540831     2642900 
   19540901     1788730 
   19540902     1597670 
   19540903     1632180 
   19540907     1860703 
   19540908     1968840 
   19540909     1701967 
   19540910     1866170 
   19540913     2028988 
   19540914     2131950 
   19540915     2117140 
   19540916     1877580 
   19540917     2245200 
   19540920     2062750 
   19540921     1776670 
   19540922     2260450 
   19540923     2336220 
   19540924     2336420 
   19540927     2187770 
   19540928     1798760 
   19540929     1810430 
   19540930     1844960 
   19541001     1852110 
   19541004     2003530 
   19541005     2310123 
   19541006     2554163 
   19541007     1812980 
   19541008     2115767 
   19541011     2098150 
   19541012     1622240 
   19541013     2072100 
   19541014     2542690 
   19541015     2251510 
   19541018     1781530 
   19541019     1899580 
   19541020     2382530 
   19541021     2312300 
   19541022     2078160 
   19541025     2353670 
   19541026     2010100 
   19541027     2028900 
   19541028     2188820 
   19541029     1907550 
   19541101     1788140 
   19541103     2698860 
   19541104     3135275 
   19541105     2938500 
   19541108     3179640 
   19541109     3238347 
   19541110     3073880 
   19541111     2942610 
   19541112     3722130 
   19541115     3072810 
   19541116     3259200 
   19541117     3813000 
   19541118     3537880 
   19541119     3108430 
   19541122     2997850 
   19541123     3686610 
   19541124     3993880 
   19541126     3009870 
   19541129     3295780 
   19541130     3436890 
   19541201     3107410 
   19541202     3192860 
   19541203     3789440 
   19541206     3963330 
   19541207     3822720 
   19541208     4159940 
   19541209     3311230 
   19541210     3248550 
   19541213     2746480 
   19541214     2646190 
   19541215     2736225 
   19541216     3346670 
   19541217     3730495 
   19541220     3771730 
   19541221     3626280 
   19541222     3462071 
   19541223     3308655 
   19541227     2952765 
   19541227     3662890 
   19541229     4433400 
   19541230     3590380 
   19541231     3846140 
   19550103     4571770 
   19550104     4416378 
   19550105     4635380 
   19550106     5297140 
   19550107     4024950 
   19550110     4307360 
   19550111     3675950 
   19550112     3403240 
   19550113     3353550 
   19550114     2629320 
   19550117     3355350 
   19550118     3017860 
   19550119     2746310 
   19550120     2211990 
   19550121     2685450 
   19550124     2914910 
   19550125     3233110 
   19550126     3863340 
   19550127     3508610 
   19550128     3291210 
   19550131     3502780 
   19550201     3317240 
   19550202     3203480 
   19550203     2898838 
   19550204     3348670 
   19550207     3630710 
   19550208     3403379 
   19550209     3356490 
   19550210     3362648 
   19550211     3255200 
   19550214     2953370 
   19550215     3518770 
   19550216     3645350 
   19550217     3035540 
   19550218     3664830 
   19550221     3010100 
   19550223     3031180 
   19550224     2923700 
   19550225     2537410 
   19550228     2618240 
   19550301     2845480 
   19550302     3369230 
   19550303     3338361 
   19550304     2777220 
   19550307     2628040 
   19550308     3160730 
   19550309     4616415 
   19550310     2762530 
   19550311     3043150 
   19550314     4216470 
   19550315     3154390 
   19550316     2910920 
   19550317     2197860 
   19550318     2048120 
   19550321     2022480 
   19550322     1911820 
   19550323     2725120 
   19550324     3173290 
   19550325     2544780 
   19550328     2539860 
   19550329     2771890 
   19550330     3408518 
   19550331     2698450 
   19550401     2664220 
   19550404     2497590 
   19550405     2103800 
   19550406     2503380 
   19550407     2327240 
   19550408 Holiday     
   19550411     2681630 
   19550412     2774775 
   19550413     2815870 
   19550414     2887300 
   19550415     3178450 
   19550418     3079269 
   19550419     2689840 
   19550420     3091890 
   19550421     2813620 
   19550422     2797900 
   19550425     2719580 
   19550426     2722130 
   19550427     2656300 
   19550428     2553235 
   19550429     2229665 
   19550502     2223300 
   19550503     2626570 
   19550504     2196660 
   19550505     2268590 
   19550506     2251480 
   19550509     2088250 
   19550510     2145460 
   19550511     2115710 
   19550512     2829910 
   19550513     1862430 
   19550516     2159270 
   19550517     1897160 
   19550518     2009420 
   19550519     2380830 
   19550520     2243240 
   19550523     1903670 
   19550524     1654920 
   19550525     2101000 
   19550526     2258415 
   19550527     2222410 
   19550531     1988360 
   19550601     2506770 
   19550602     2623940 
   19550603     2591450 
   19550606     2548260 
   19550607     3234096 
   19550608     3295590 
   19550609     2961420 
   19550610     2472165 
   19550613     2766124 
   19550614     2862670 
   19550615     2654170 
   19550616     2761250 
   19550617     2343690 
   19550620     2495030 
   19550621     2709600 
   19550622     3011240 
   19550623     2896960 
   19550624     2412210 
   19550627     2246250 
   19550628     2179935 
   19550629     2187610 
   19550630     2387260 
   19550701     2540003 
   19550705     2680780 
   19550706     3137170 
   19550707     3298340 
   19550708     2449200 
   19550711     2418733 
   19550712     2626040 
   19550713     2359990 
   19550714     1975230 
   19550715     2226690 
   19550718     2161710 
   19550719     2308610 
   19550720     2078812 
   19550721     2532005 
   19550722     2550980 
   19550725     2496560 
   19550726     2343510 
   19550727     2169185 
   19550728     2085130 
   19550729     2070520 
   19550801     2195160 
   19550802     2262034 
   19550803     2189070 
   19550804     2207340 
   19550805     1689350 
   19550808     1730940 
   19550809     2231980 
   19550810     1577580 
   19550811     1621280 
   19550812     1532690 
   19550815     1230420 
   19550816     1516650 
   19550817     1568860 
   19550818     1561340 
   19550819     1396600 
   19550822     1434910 
   19550823     1898740 
   19550824     2141310 
   19550825     2123750 
   19550826     2196460 
   19550829     1905660 
   19550830     1743410 
   19550831     1850280 
   19550901     1861660 
   19550902     1701410 
   19550906     2362530 
   19550907     2376450 
   19550908     2481260 
   19550909     2483170 
   19550912     2522487 
   19550913     2583990 
   19550914     2568010 
   19550915     2885260 
   19550916     2542460 
   19550919     2398733 
   19550920     2085250 
   19550921     2464330 
   19550922     2546210 
   19550923     2543740 
   19550926     7716650 
   19550927     5503830 
   19550928     3784060 
   19550929     2553120 
   19550930     2135800 
   19551003     2721870 
   19551004     2030680 
   19551005     1921605 
   19551006     1690733 
   19551007     2147730 
   19551010     3098445 
   19551011     2594540 
   19551012     1900070 
   19551013     1978770 
   19551014     1641000 
   19551017     1478980 
   19551018     1547510 
   19551019     1762539 
   19551020     2164750 
   19551021     1711780 
   19551024     1818218 
   19551025     1948370 
   19551026     1663640 
   19551027     1842840 
   19551028     1718840 
   19551031     1795070 
   19551101     1591020 
   19551102     1614430 
   19551103     2264540 
   19551104     2429610 
   19551107     2231160 
   19551109     2568650 
   19551110     2551960 
   19551111     1999620 
   19551114     2768720 
   19551115     2564172 
   19551116     2464460 
   19551117     2308665 
   19551118     2324040 
   19551121     1960260 
   19551122     2274515 
   19551123     2550650 
   19551125     2191820 
   19551128     2455760 
   19551129     2365600 
   19551130     2900158 
   19551201     2371550 
   19551202     2397340 
   19551205     2444570 
   19551206     2538610 
   19551207     2482670 
   19551208     2966667 
   19551209     2660805 
   19551212     2511972 
   19551213     2431320 
   19551214     2667160 
   19551215     2264046 
   19551216     2309110 
   19551219     2372730 
   19551220     2279825 
   19551221     2543340 
   19551222     2653126 
   19551223     2089456 
   19551227     2008935 
   19551228     1989281 
   19551229     2188330 
   19551230     2820080 
   19560103     2389720 
   19560104     2287820 
   19560105     2113880 
   19560106     2570980 
   19560109     2701340 
   19560110     2642235 
   19560111     2307500 
   19560112     2326026 
   19560113     2124040 
   19560116     2264590 
   19560117     2053720 
   19560118     2115760 
   19560119     2504310 
   19560120     2433925 
   19560123     2716500 
   19560124     2156000 
   19560125     1949800 
   19560126     1837400 
   19560127     1953170 
   19560130     1844710 
   19560131     1903674 
   19560201     2008910 
   19560202     1903460 
   19560203     2113930 
   19560206     2229510 
   19560207     2063915 
   19560208     2167690 
   19560209     2082640 
   19560210     1766967 
   19560213     1423090 
   19560214     1591360 
   19560215     2998890 
   19560216     1746950 
   19560217     2837120 
   19560220     2528790 
   19560221     2236230 
   19560223     2916880 
   19560224     2886580 
   19560227     2433680 
   19560228     2542852 
   19560229     3921180 
   19560301     2414120 
   19560302     2864740 
   19560305     3088930 
   19560306     2771888 
   19560307     2382580 
   19560308     2503640 
   19560309     3429670 
   19560312     3103200 
   19560313     2785645 
   19560314     3138860 
   19560315     3270100 
   19560316     3129870 
   19560319     2574120 
   19560320     2963880 
   19560321     2926900 
   19560322     2646442 
   19560323     2976625 
   19560326     2720820 
   19560327     2541480 
   19560328     2634040 
   19560329     3495152 
   19560402     3120630 
   19560403     2764950 
   19560404     2755394 
   19560405     2956500 
   19560406     2596150 
   19560409     2760880 
   19560410     2587680 
   19560411     2436940 
   19560412     2699100 
   19560413     2452310 
   19560416     2313490 
   19560417     2326400 
   19560418     2465480 
   19560419     2207420 
   19560420     2322590 
   19560423     2444235 
   19560424     2504712 
   19560425     2267360 
   19560426     2635660 
   19560427     2758160 
   19560430     2730160 
   19560501     2502810 
   19560502     2443910 
   19560503     2642550 
   19560504     2864770 
   19560507     2562820 
   19560508     2438610 
   19560509     2549160 
   19560510     2855325 
   19560511     2449515 
   19560514     2439670 
   19560515     2649290 
   19560516     2075890 
   19560517     1967370 
   19560518     2016280 
   19560521     1942080 
   19560522     2295320 
   19560523     2138130 
   19560524     2593680 
   19560525     2569529 
   19560528     2788690 
   19560529     2429400 
   19560531     2015150 
   19560601     1446182 
   19560604     1501120 
   19560605     1655080 
   19560606     1465050 
   19560607     1632555 
   19560608     3628600 
   19560611     2002300 
   19560612     1898600 
   19560613     1759630 
   19560614     1669240 
   19560615     1545120 
   19560618     1439700 
   19560619     1432910 
   19560620     1667130 
   19560621     1827240 
   19560622     1630250 
   19560625     1503406 
   19560626     1732990 
   19560627     2086070 
   19560628     1901240 
   19560629     1776700 
   19560702     1606010 
   19560703     1841690 
   19560705     2244280 
   19560706     2181880 
   19560709     2182920 
   19560710     2453420 
   19560711     2523070 
   19560712     2181140 
   19560713     2018650 
   19560716     2285515 
   19560717     2522650 
   19560718     2533105 
   19560719     1954840 
   19560720     2015070 
   19560723     1966010 
   19560724     2056305 
   19560725     2221110 
   19560726     2065190 
   19560727     2240430 
   19560730     2103270 
   19560731     2516250 
   19560801     2233240 
   19560802     2589535 
   19560803     2214580 
   19560806     2282865 
   19560807     2187133 
   19560808     2479270 
   19560809     2544690 
   19560810     2035650 
   19560813     1726362 
   19560814     1785330 
   19560815     2006400 
   19560816     1794670 
   19560817     1717300 
   19560820     1766690 
   19560821     2439440 
   19560822     1566760 
   19560823     1593015 
   19560824     1526890 
   19560827     1425780 
   19560828     1401920 
   19560829     1530270 
   19560830     2055627 
   19560831     1618756 
   19560904     1786005 
   19560905     2129340 
   19560906     1550393 
   19560907     1688570 
   19560910     1867960 
   19560911     1923380 
   19560912     1929954 
   19560913     2004575 
   19560914     2109330 
   19560917     1936810 
   19560918     2204300 
   19560919     2043510 
   19560920     2150010 
   19560921     2114580 
   19560924     1837030 
   19560925     2102690 
   19560926     2367330 
   19560927     1766310 
   19560928     1715120 
   19561001     2615720 
   19561002     2407790 
   19561003     2179968 
   19561004     1603460 
   19561005     1577230 
   19561008     1451145 
   19561009     1223180 
   19561010     1639200 
   19561011     1757600 
   19561012     1335870 
   19561015     1606630 
   19561016     1576790 
   19561017     1637605 
   19561018     1635300 
   19561019     1719250 
   19561022     1425260 
   19561023     1394940 
   19561024     1643668 
   19561025     1581900 
   19561026     1802310 
   19561029     2417239 
   19561030     1828300 
   19561031     2281860 
   19561101     1893770 
   19561102     2178200 
   19561105     2835912 
   19561107     2653740 
   19561108     1973750 
   19561109     1683154 
   19561112     1600860 
   19561113     2125430 
   19561114     2288320 
   19561115     2208850 
   19561116     1820210 
   19561119     2556770 
   19561120     2243390 
   19561121     2322710 
   19561123     1879000 
   19561126     2227225 
   19561127     2130240 
   19561128     2184560 
   19561129     2440650 
   19561130     2303290 
   19561203     2556760 
   19561204     2178240 
   19561205     2359920 
   19561206     2474210 
   19561207     2410190 
   19561210     2602450 
   19561211     2213880 
   19561212     2180150 
   19561213     2369160 
   19561214     2445405 
   19561217     2502280 
   19561218     2343070 
   19561219     1972077 
   19561220     2060850 
   19561221     2386300 
   19561224 Holiday     
   19561225 Holiday     
   19561226     2450119 
   19561227     2423539 
   19561228     2797179 
   19561231     3686285 
   19570102     1963700 
   19570103     2258390 
   19570104     2705810 
   19570107     2497524 
   19570108     2225900 
   19570109     2331790 
   19570110     2466230 
   19570111     2337610 
   19570114     2353050 
   19570115     2373032 
   19570116     2207280 
   19570117     2136030 
   19570118     2435040 
   19570121     2736390 
   19570122     1919480 
   19570123     1917500 
   19570124     1910250 
   19570125     2014359 
   19570128     1699440 
   19570129     1799920 
   19570130     1947740 
   19570131     1924490 
   19570201     1676804 
   19570204     1750250 
   19570205     2610150 
   19570206     2114780 
   19570207     1839630 
   19570208     2123420 
   19570211     2738160 
   19570212     2545540 
   19570213     2379060 
   19570214     2222901 
   19570215     2056790 
   19570218     1802000 
   19570219     1683224 
   19570220     1793420 
   19570221     1685840 
   19570225     1702762 
   19570226     1580680 
   19570227     1624810 
   19570228     1644920 
   19570301     1705665 
   19570304     1888190 
   19570305     1864640 
   19570306     1841470 
   19570307     1826430 
   19570308     1626860 
   19570311     1650480 
   19570312     1602940 
   19570313     1846920 
   19570314     1583540 
   19570315     1604310 
   19570318     1450230 
   19570319     1540418 
   19570320     1832430 
   19570321     1626790 
   19570322     1611590 
   19570325     1595040 
   19570326     1664676 
   19570327     1712450 
   19570328     1928570 
   19570329     1647929 
   19570401     1624303 
   19570402     2307850 
   19570403     2160510 
   19570404     1819840 
   19570405     1828440 
   19570408     1946670 
   19570409     2400870 
   19570410     2921730 
   19570411     2350020 
   19570412     2370190 
   19570415     2005240 
   19570416     1893770 
   19570417     2290510 
   19570418     2482892 
   19570422     2558570 
   19570423     2842530 
   19570424     2991060 
   19570425     2637880 
   19570426     2382690 
   19570429     2287300 
   19570430     2206800 
   19570501     2307320 
   19570502     2855256 
   19570503     2386060 
   19570506     2214081 
   19570507     2306490 
   19570508     2585660 
   19570509     2530470 
   19570510     2431150 
   19570513     2718178 
   19570514     2578330 
   19570515     2588120 
   19570516     2692610 
   19570517     2508900 
   19570520     2303910 
   19570521     2365705 
   19570522     2060410 
   19570523     2110184 
   19570524     2339278 
   19570527     2288650 
   19570528     2070672 
   19570529     2269907 
   19570531     2047220 
   19570603     2047296 
   19570604     2199509 
   19570605     1952120 
   19570606     2296834 
   19570607     2365090 
   19570610     3049455 
   19570611     2855133 
   19570612     2598240 
   19570613     2634243 
   19570614     2092330 
   19570617     2223760 
   19570618     2441285 
   19570619     2217330 
   19570620     2047210 
   19570621     1973410 
   19570624     2044315 
   19570625     1996215 
   19570626     1875785 
   19570627     1797665 
   19570628     1771639 
   19570701     1844350 
   19570702     2454700 
   19570703     2719290 
   19570704 Holiday     
   19570705     2239080 
   19570708     2838110 
   19570709     2452505 
   19570710     2885830 
   19570711     2827325 
   19570712     2241910 
   19570715     2485100 
   19570716     2513620 
   19570717     2056490 
   19570718     2127240 
   19570719     1939420 
   19570722     1949700 
   19570723     1835680 
   19570724     1731580 
   19570725     1799340 
   19570726     1715650 
   19570729     1999160 
   19570730     1777400 
   19570731     1828790 
   19570801     1657890 
   19570802     1609440 
   19570805     1786218 
   19570806     1913410 
   19570807     2455370 
   19570808     1692819 
   19570809     1574480 
   19570812     1651580 
   19570813     1580040 
   19570814     2046720 
   19570815     2045860 
   19570816     1476140 
   19570819     2038658 
   19570820     2703370 
   19570821     1717480 
   19570822     1504023 
   19570823     1957997 
   19570826     2677740 
   19570827     2252590 
   19570828     1840270 
   19570829     1628530 
   19570830     1598570 
   19570903     1485290 
   19570904     1256145 
   19570905     1421690 
   19570906     1316060 
   19570909     1421215 
   19570910     1872120 
   19570911     2132390 
   19570912     2005260 
   19570913     1620260 
   19570916     1287880 
   19570917     1494470 
   19570918     1535670 
   19570919     1522690 
   19570920     2339520 
   19570923     3156570 
   19570924     2837410 
   19570925     2768790 
   19570926     2130060 
   19570927     1747550 
   19570930     1521490 
   19571001     1675450 
   19571002     1759980 
   19571003     1591190 
   19571004     1519345 
   19571007     2490570 
   19571008     3192130 
   19571009     2122660 
   19571010     3311520 
   19571011     4458830 
   19571014     2775051 
   19571015     2608910 
   19571016     2048930 
   19571017     3058630 
   19571018     2666110 
   19571021     4673480 
   19571022     5092510 
   19571023     4599130 
   19571024     4035362 
   19571025     2403717 
   19571028     1803470 
   19571029     2063970 
   19571030     2171011 
   19571031     2171011 
   19571101     2058399 
   19571104     2386827 
   19571105 Holiday     
   19571106     2550090 
   19571107     2583860 
   19571108     2144910 
   19571111     1538750 
   19571112     2057970 
   19571113     2116630 
   19571114     2450350 
   19571115     3507630 
   19571118     2106170 
   19571119     2243670 
   19571120     2408662 
   19571121     2898890 
   19571122     2847730 
   19571125     2598680 
   19571126     3646720 
   19571127     3329180 
   19571129     2741450 
   19571202     2430780 
   19571203     2051545 
   19571204     2222798 
   19571205     2019620 
   19571206     2352686 
   19571209     2230940 
   19571210     2363760 
   19571211     2253140 
   19571212     2334050 
   19571213     2305320 
   19571216     2351470 
   19571217     2828590 
   19571218     2752345 
   19571219     2743795 
   19571220     2497120 
   19571223     2786213 
   19571224     2222365 
   19571225 Holiday     
   19571226     2280320 
   19571227     2619016 
   19571230     3748580 
   19571231     5073730 
   19580102     1804343 
   19580103     2440530 
   19580106     2501690 
   19580107     2217560 
   19580108     2230686 
   19580109     2179267 
   19580110     2024200 
   19580113     1856430 
   19580114     2009480 
   19580115     2083155 
   19580116     3945650 
   19580117     2202890 
   19580120     2305224 
   19580121     2158830 
   19580122     2388301 
   19580123     1940685 
   19580124     2828330 
   19580127     2318765 
   19580128     2034700 
   19580129     2216550 
   19580130     2150240 
   19580131     2033850 
   19580203     2493000 
   19580204     2971560 
   19580205     2481012 
   19580206     2209015 
   19580207     2216651 
   19580210     1899571 
   19580211     2109400 
   19580212     2031690 
   19580213     1891954 
   19580214     2069950 
   19580217     1696665 
   19580218     1684140 
   19580219     2069650 
   19580220     2055094 
   19580221     1695800 
   19580224     1565970 
   19580225     1921160 
   19580226     1877920 
   19580227     1674640 
   19580228     1582890 
   19580303     1814680 
   19580304     2006730 
   19580305     2024990 
   19580306     2473677 
   19580307     2131560 
   19580310     1970460 
   19580311     2642830 
   19580312     2415540 
   19580313     2830695 
   19580314     2147320 
   19580317     2134330 
   19580318     2073540 
   19580319     2398850 
   19580320     2283150 
   19580321     2426010 
   19580324     2584550 
   19580325     2209540 
   19580326     1987564 
   19580327     2135580 
   19580328     1938580 
   19580331     2045060 
   19580401     2073420 
   19580402     2387327 
   19580403     2132660 
   19580407     2094670 
   19580408     2187230 
   19580409     2042530 
   19580410     1995740 
   19580411     2055470 
   19580414     2181120 
   19580415     2596830 
   19580416     2246430 
   19580417     2500240 
   19580418     2700084 
   19580421     2553130 
   19580422     2445690 
   19580423     2717800 
   19580424     2872410 
   19580425     3019600 
   19580428     2413130 
   19580429     2191040 
   19580430     2898590 
   19580501     2631970 
   19580502     2299600 
   19580505     2679120 
   19580506     3110710 
   19580507     2771340 
   19580508     2789600 
   19580509     2753040 
   19580512     2783980 
   19580513     2949070 
   19580514     3061830 
   19580515     2486900 
   19580516     2026673 
   19580519     1910860 
   19580520     2514330 
   19580521     2587610 
   19580522     2956780 
   19580523     2567350 
   19580526     2502430 
   19580527     2183380 
   19580528     2257010 
   19580529     2354940 
   19580602     2773200 
   19580603     2777694 
   19580604     2692830 
   19580605     2603440 
   19580606     2682467 
   19580609     2379640 
   19580610     2387000 
   19580611     2569880 
   19580612     2764885 
   19580613     3103975 
   19580616     2868620 
   19580617     2949510 
   19580618     2636710 
   19580619     2685717 
   19580620     2591590 
   19580623     2335640 
   19580624     2560150 
   19580625     2722870 
   19580626     2913270 
   19580627     2802190 
   19580630     2817010 
   19580701     2604250 
   19580702     2371054 
   19580703     2634410 
   19580707     2513140 
   19580708     2432530 
   19580709     2655030 
   19580710     2507900 
   19580711     2401655 
   19580714     2539660 
   19580715     3094130 
   19580716     3243250 
   19580717     3192750 
   19580718     3345350 
   19580721     3445095 
   19580722     3420910 
   19580723     3549210 
   19580724     3738830 
   19580725     4427280 
   19580728     3937530 
   19580729     3308670 
   19580730     3695050 
   19580731     4438780 
   19580801     3380430 
   19580804     4013410 
   19580805     4206900 
   19580806     3442850 
   19580807     3204140 
   19580808     3655820 
   19580811     2873360 
   19580812     2603930 
   19580813     2786861 
   19580814     3395500 
   19580815     2961850 
   19580818     2393405 
   19580819     2257060 
   19580820     2456420 
   19580821     2504460 
   19580822     2658900 
   19580825     2611060 
   19580826     2910440 
   19580827     3249110 
   19580828     2542730 
   19580829     2264420 
   19580902     2927670 
   19580903     3244799 
   19580904     3106805 
   19580905     2521010 
   19580908     3028280 
   19580909     3480570 
   19580910     2826800 
   19580911     3290480 
   19580912     3104550 
   19580915     3043590 
   19580916     3935640 
   19580917     3792720 
   19580918     3463666 
   19580919     3875650 
   19580922     3485810 
   19580923     3951820 
   19580924     3122260 
   19580925     4499240 
   19580926     3422000 
   19580929     3675970 
   19580930     4172490 
   19581001     3788120 
   19581002     3765530 
   19581003     3825760 
   19581006     3568970 
   19581007     3571950 
   19581008     3679810 
   19581009     3671560 
   19581010     4612650 
   19581013     4550350 
   19581014     5108020 
   19581015     4813120 
   19581016     4563170 
   19581017     5367910 
   19581020     4562206 
   19581021     4011010 
   19581022     3503320 
   19581023     3613568 
   19581024     3773510 
   19581027     3977620 
   19581028     3671430 
   19581029     4794560 
   19581030     4368740 
   19581031     3924210 
   19581103     3236550 
   19581105     4078030 
   19581106     4897100 
   19581107     3708555 
   19581110     3726750 
   19581111     4043676 
   19581112     4438170 
   19581113     4196050 
   19581114     4385780 
   19581117     4535290 
   19581118     3822450 
   19581119     4090570 
   19581120     4315290 
   19581121     3950410 
   19581124     4766990 
   19581125     3942552 
   19581126     4090352 
   19581127 closed      
   19581128     4141205 
   19581201     3797440 
   19581202     3316745 
   19581203     3456260 
   19581204     3632977 
   19581205     3362040 
   19581208     3585120 
   19581209     3785550 
   19581210     4338690 
   19581211     4248344 
   19581212     3137210 
   19581215     3339445 
   19581216     3970110 
   19581217     3899900 
   19581218     3907175 
   19581219     3539800 
   19581222     3030790 
   19581223     2865630 
   19581224     3047160 
   19581229     3792950 
   19581230     3898210 
   19581231     3966280 
   19590102     3383120 
   19590105     4212390 
   19590106     3694340 
   19590107     4142900 
   19590108     4026040 
   19590109     4761931 
   19590112     4324670 
   19590113     3792330 
   19590114     4094710 
   19590115     4502210 
   19590116     4301160 
   19590119     3832040 
   19590120     3669370 
   19590121     3950620 
   19590122     4250440 
   19590123     3595230 
   19590126     3982020 
   19590127     3483790 
   19590128     4185770 
   19590129     3465413 
   19590130     3602920 
   19590202     3609980 
   19590203     3217380 
   19590204     3166210 
   19590205     3137317 
   19590206     3009870 
   19590209     3138690 
   19590210     2956570 
   19590211     3003090 
   19590212     2629570 
   19590213     3064770 
   19590216     3484970 
   19590217     3187510 
   19590218     3483820 
   19590219     4161220 
   19590220     4187250 
   19590224     4350960 
   19590225     3784680 
   19590226     3926390 
   19590227     4293200 
   19590302     4207000 
   19590303     4797870 
   19590304     4151440 
   19590305     3931870 
   19590306     3929820 
   19590309     3527040 
   19590310     3924340 
   19590311     4161300 
   19590312     4690330 
   19590313     4884150 
   19590316     4428040 
   19590317     4734060 
   19590318     4527400 
   19590319     4149040 
   19590320     3774200 
   19590323     3698460 
   19590324     2997910 
   19590325     3282000 
   19590326     2898140 
   19590330     2936060 
   19590331     2819120 
   19590401     2981410 
   19590402     3223220 
   19590403     3682570 
   19590406     3511700 
   19590407     3018250 
   19590408     3258300 
   19590409     2832280 
   19590410     3005580 
   19590413     3139900 
   19590414     3344790 
   19590415     3681720 
   19590416     3786490 
   19590417     3873740 
   19590420     3611000 
   19590421     3648970 
   19590422     3424000 
   19590423     3311590 
   19590424     3792790 
   19590427     3851520 
   19590428     3924460 
   19590429     3474320 
   19590430     3508365 
   19590501     3017040 
   19590504     3058240 
   19590505     3359790 
   19590506     4121100 
   19590507     4525920 
   19590508     3928750 
   19590511     3855000 
   19590512     3553010 
   19590513     3539123 
   19590514     3662422 
   19590515     3505900 
   19590518     2970800 
   19590519     3188060 
   19590520     3551200 
   19590521     3225890 
   19590522     3033960 
   19590525     3261160 
   19590526     2908080 
   19590527     2935597 
   19590528     2976388 
   19590529     2791310 
   19590601     2733850 
   19590602     3115230 
   19590603     2910460 
   19590604     3226260 
   19590605     2799957 
   19590608     2965710 
   19590609     3497014 
   19590610     3310550 
   19590611     3115540 
   19590612     2579300 
   19590615     2417670 
   19590616     2442480 
   19590617     2854710 
   19590618     3149780 
   19590619     2260662 
   19590622     2631290 
   19590623     2604440 
   19590624     3177840 
   19590625     3254340 
   19590626     3104520 
   19590629     2997890 
   19590630     3201790 
   19590701     3153440 
   19590702     3604100 
   19590706     3716895 
   19590707     3835070 
   19590708     4008150 
   19590709     3561010 
   19590710     3598540 
   19590713     3362510 
   19590714     3230700 
   19590715     3283530 
   19590716     3170420 
   19590717     2510730 
   19590720     2489650 
   19590721     2945200 
   19590722     3314200 
   19590723     3313780 
   19590724     2722450 
   19590727     2919400 
   19590728     3186460 
   19590729     3455190 
   19590730     3236188 
   19590731     2271810 
   19590803     2406610 
   19590804     2531710 
   19590805     2631510 
   19590806     2619130 
   19590807     2579524 
   19590810     4187960 
   19590811     2979220 
   19590812     2699530 
   19590813     2019820 
   19590814     1993285 
   19590817     1977440 
   19590818     2278520 
   19590819     3051100 
   19590820     2450450 
   19590821     2004700 
   19590824     1864600 
   19590825     1958000 
   19590826     2206720 
   19590827     2545610 
   19590828     1930104 
   19590831     2136330 
   19590901     2427480 
   19590902     2375630 
   19590903     2331990 
   19590904     2304750 
   19590908     2939630 
   19590909     3031430 
   19590910     2523060 
   19590911     2644395 
   19590914     2590460 
   19590915     2828610 
   19590916     2178410 
   19590917     2097110 
   19590918     2527707 
   19590921     3237960 
   19590922     2995410 
   19590923     3006390 
   19590924     3488180 
   19590925     3283520 
   19590928     2643990 
   19590929     3211330 
   19590930     2851000 
   19591001     2658600 
   19591002     2274070 
   19591005     2104580 
   19591006     2332210 
   19591007     2375710 
   19591008     2510335 
   19591009     2540010 
   19591012     1745120 
   19591013     2529810 
   19591014     2319710 
   19591015     2186110 
   19591016     2762356 
   19591019     2469840 
   19591020     2743090 
   19591021     2733066 
   19591022     3060310 
   19591023     2880500 
   19591026     3575050 
   19591027     4168890 
   19591028     3915568 
   19591029     3889920 
   19591030     3555390 
   19591102     3318470 
   19591104     3940630 
   19591105     3172850 
   19591106     3452020 
   19591109     3698650 
   19591110     3025020 
   19591111     2822960 
   19591112     3599357 
   19591113     3049450 
   19591116     3706906 
   19591117     3569310 
   19591118     3659560 
   19591119     3237500 
   19591120     2962740 
   19591123     3403985 
   19591124     3672896 
   19591125     3554180 
   19591127     3037570 
   19591130     3674310 
   19591201     3988860 
   19591202     4498105 
   19591203     3282780 
   19591204     3589320 
   19591207     3622433 
   19591208     3872365 
   19591209     3434850 
   19591210     3165320 
   19591211     2906426 
   19591214     3099053 
   19591215     3449417 
   19591216     3276502 
   19591217     3042220 
   19591218     3226530 
   19591221     3290685 
   19591222     2949492 
   19591223     2890767 
   19591224     2316170 
   19591228     2834650 
   19591229     3018063 
   19591230     3680175 
   19591231     3810010 