  DATE     VOLUME   
 18880101     C     
 18880102     C     
 18880103    135494 
 18880104    156799 
 18880105    135776 
 18880106    157609 
 18880107     58868 
 18880109    253549 
 18880110    209401 
 18880111    228413 
 18880112    149294 
 18880113     96252 
 18880114     54496 
 18880116    115756 
 18880117    112820 
 18880118    114249 
 18880119    243083 
 18880120    201723 
 18880121     58952 
 18880123    159156 
 18880124    133205 
 18880125    116106 
 18880126    177905 
 18880127    198394 
 18880128    130194 
 18880130    220302 
 18880131    132659 
 18880201     96975 
 18880202    176459 
 18880203    183593 
 18880204     83860 
 18880206    159737 
 18880207    113278 
 18880208    154088 
 18880209    138361 
 18880210    110737 
 18880211     28515 
 18880213    113517 
 18880214     47973 
 18880215     78957 
 18880216    161448 
 18880217    265262 
 18880218    136501 
 18880220    112894 
 18880221    124017 
 18880222     C     
 18880223    115763 
 18880224    143515 
 18880225     64486 
 18880227    180043 
 18880228    100015 
 18880229    170608 
 18880301    175000 
 18880302    170704 
 18880303     98887 
 18880305    361047 
 18880306    182123 
 18880307    301795 
 18880308    248965 
 18880309    211894 
 18880310     71479 
 18880312     15695 
 18880313      2075 
 18880314    107100 
 18880315    121859 
 18880316    179834 
 18880317    118614 
 18880319    176269 
 18880320    149521 
 18880321    291895 
 18880322    397585 
 18880323    246369 
 18880324    143803 
 18880326    297978 
 18880327    284384 
 18880328    346715 
 18880329    286688 
 18880330     C     
 18880331    198056 
 18880402    381196 
 18880403    335467 
 18880404    450652 
 18880405    320030 
 18880406    429734 
 18880407    149888 
 18880409    259626 
 18880410    201960 
 18880411    208221 
 18880412    209826 
 18880413    234922 
 18880414     96731 
 18880416    211270 
 18880417    294690 
 18880418    233176 
 18880419    313847 
 18880420    288936 
 18880421    157286 
 18880423    361905 
 18880424    395955 
 18880425    440622 
 18880426    422159 
 18880427    438460 
 18880428    181291 
 18880430    400948 
 18880501    313877 
 18880502    403756 
 18880503    401001 
 18880504    253292 
 18880505    188334 
 18880507    300129 
 18880508    285488 
 18880509    389519 
 18880510    238372 
 18880511    293002 
 18880512     86737 
 18880514    170190 
 18880515    175900 
 18880516    166242 
 18880517    173679 
 18880518    279459 
 18880519    117922 
 18880521    207554 
 18880522    136600 
 18880523    168792 
 18880524    270390 
 18880525    343124 
 18880526    169701 
 18880528    263131 
 18880529    183725 
 18880530     C     
 18880531    135486 
 18880601    149891 
 18880602     55507 
 18880604    110698 
 18880605    191763 
 18880606    103556 
 18880607    121807 
 18880608     99767 
 18880609     88844 
 18880611    293754 
 18880612    336714 
 18880613    257389 
 18880614    186479 
 18880615    168795 
 18880616    118623 
 18880618    167482 
 18880619    167856 
 18880620    134689 
 18880621    134015 
 18880622    137659 
 18880623     69719 
 18880625    112638 
 18880626    105590 
 18880627     93727 
 18880628     84246 
 18880629     80704 
 18880630     41543 
 18880702     71076 
 18880703     37550 
 18880704     C     
 18880705     52368 
 18880706    192088 
 18880707     68063 
 18880709    120372 
 18880710    238283 
 18880711    260051 
 18880712    204832 
 18880713    297190 
 18880714    145406 
 18880716    284775 
 18880717    217475 
 18880718    272723 
 18880719    183680 
 18880720    126132 
 18880721     46421 
 18880723    203160 
 18880724    289266 
 18880725    271193 
 18880726    231443 
 18880727    178807 
 18880728     78826 
 18880730    177671 
 18880731    271464 
 18880801    236696 
 18880802    182568 
 18880803    121500 
 18880804     35588 
 18880806    200233 
 18880807    251475 
 18880808    239389 
 18880809    263660 
 18880810    220800 
 18880811     97761 
 18880813    163291 
 18880814    180104 
 18880815    166123 
 18880816    112818 
 18880817    173610 
 18880818     94872 
 18880820    174265 
 18880821    174510 
 18880822    200587 
 18880823    188683 
 18880824    132439 
 18880825     35399 
 18880827    209802 
 18880828    218959 
 18880829    257571 
 18880830    188539 
 18880831    167829 
 18880901     67811 
 18880903     C     
 18880904    312013 
 18880905    240914 
 18880906    250271 
 18880907    267409 
 18880908    115238 
 18880910    263075 
 18880911    278058 
 18880912    244641 
 18880913    485672 
 18880914    517876 
 18880915    197758 
 18880917    428047 
 18880918    386602 
 18880919    579452 
 18880920    420000 
 18880921    245405 
 18880922     96641 
 18880924    253813 
 18880925    225944 
 18880926    271256 
 18880927    439492 
 18880928    372558 
 18880929    261468 
 18881001    511504 
 18881002    395725 
 18881003    330807 
 18881004    228400 
 18881005    247843 
 18881006    130915 
 18881008    250922 
 18881009    250618 
 18881010    213924 
 18881011    169937 
 18881012    126827 
 18881013     88081 
 18881015    144873 
 18881016    192952 
 18881017    187380 
 18881018    257152 
 18881019    380282 
 18881020    140106 
 18881022    270147 
 18881023    311323 
 18881024    285485 
 18881025    231341 
 18881026    197683 
 18881027     99858 
 18881029    263274 
 18881030    272966 
 18881031    171773 
 18881101    130718 
 18881102    158936 
 18881103     50163 
 18881105    104094 
 18881106     C     
 18881107    171075 
 18881108    210170 
 18881109    140661 
 18881110     85341 
 18881112    233554 
 18881113    398466 
 18881114    245852 
 18881115    222716 
 18881116    190844 
 18881117     56698 
 18881119    253727 
 18881120    173761 
 18881121    265688 
 18881122    273006 
 18881123    460165 
 18881124    250286 
 18881126    214872 
 18881127    257326 
 18881128    258780 
 18881129    164278 
 18881130     C     
 18881201           
 18881203    441138 
 18881204    290775 
 18881205    393469 
 18881206    371031 
 18881207    306976 
 18881208    117359 
 18881210    313413 
 18881211    258488 
 18881212    286546 
 18881213    196679 
 18881214    166172 
 18881215     60482 
 18881217    326155 
 18881218    316754 
 18881219    203794 
 18881220    260769 
 18881221    243383 
 18881222    140683 
 18881224    375900 
 18881225    294260 
 18881226     C     
 18881227    238621 
 18881228    180177 
 18881229     68314 
 18881231    113692 
 18890101     C     
 18890102    184366 
 18890103    201279 
 18890104    216918 
 18890105     73796 
 18890107    171038 
 18890108    150172 
 18890109    143911 
 18890110    111219 
 18890111    160559 
 18890112    116540 
 18890114    265909 
 18890115    239012 
 18890116    249936 
 18890117    210081 
 18890118    166873 
 18890119    110563 
 18890121    228837 
 18890122    201391 
 18890123    199733 
 18890124    180128 
 18890125    155339 
 18890126     83394 
 18890128    165778 
 18890129    238552 
 18890130    153654 
 18890131    234977 
 18890201    388304 
 18890202    172303 
 18890204    266439 
 18890205    210240 
 18890206    341788 
 18890207    366411 
 18890208    303880 
 18890209    126923 
 18890211    334673 
 18890212    345927 
 18890213    262379 
 18890214    255466 
 18890215    288385 
 18890216    163164 
 18890218    229761 
 18890219    220834 
 18890220    146511 
 18890221    241824 
 18890222     C     
 18890223    102273 
 18890225    200330 
 18890226    171677 
 18890227    194337 
 18890228    191452 
 18890301    209437 
 18890302     99043 
 18890304    233113 
 18890305    207359 
 18890306    230870 
 18890307    193017 
 18890308    159168 
 18890309    216511 
 18890311    334312 
 18890312    152478 
 18890313    200719 
 18890314    235661 
 18890315    330043 
 18890316    169646 
 18890318    333086 
 18890319    366480 
 18890320    254189 
 18890321    218829 
 18890322    183479 
 18890323     89612 
 18890325    236108 
 18890326    264130 
 18890327    233937 
 18890328    303421 
 18890329    403922 
 18890330    144306 
 18890401    186254 
 18890402    228176 
 18890403    259118 
 18890404    227774 
 18890405    286502 
 18890406    178663 
 18890408    303805 
 18890409    212100 
 18890410    306465 
 18890411    291927 
 18890412    281162 
 18890413    145821 
 18890415    225151 
 18890416    139327 
 18890417    152592 
 18890418    153818 
 18890419     C     
 18890420     78125 
 18890422    169281 
 18890423    160913 
 18890424    131808 
 18890425    222930 
 18890426    169084 
 18890427     47637 
 18890429     C     
 18890430     C     
 18890501     C     
 18890502    246626 
 18890503    279339 
 18890504    130845 
 18890506    204112 
 18890507    220787 
 18890508    198887 
 18890509    190610 
 18890510    186606 
 18890511     66937 
 18890513    213092 
 18890514    204992 
 18890515    220113 
 18890516    304523 
 18890517    218217 
 18890518    159588 
 18890520    337793 
 18890521    371391 
 18890522    310189 
 18890523    339745 
 18890524    468967 
 18890525    217426 
 18890527    452369 
 18890528    385971 
 18890529    362443 
 18890530     C     
 18890531    290407 
 18890601     99078 
 18890603    256200 
 18890604    123440 
 18890605    194579 
 18890606    321853 
 18890607    295455 
 18890608     91131 
 18890610    204938 
 18890611    258629 
 18890612    307836 
 18890613    229159 
 18890614    274697 
 18890615    113079 
 18890617    261179 
 18890618    248566 
 18890619    294317 
 18890620    211398 
 18890621    134857 
 18890622     73448 
 18890624    165349 
 18890625    199409 
 18890626    196670 
 18890627    153671 
 18890628    179384 
 18890629     67226 
 18890701    117891 
 18890702    194235 
 18890703    274164 
 18890704     C     
 18890705    280792 
 18890706     96520 
 18890708    292376 
 18890709    150490 
 18890710    231770 
 18890711    222988 
 18890712    233907 
 18890713     93954 
 18890715    151021 
 18890716    120426 
 18890717    139342 
 18890718    264045 
 18890719    167544 
 18890720     74590 
 18890722    152258 
 18890723    170284 
 18890724    171501 
 18890725    159883 
 18890726    178283 
 18890727     56491 
 18890729    153011 
 18890730    161411 
 18890731    146801 
 18890801    116758 
 18890802     79308 
 18890803     57170 
 18890805    229768 
 18890806    213108 
 18890807    164573 
 18890808    184165 
 18890809    226259 
 18890810     89278 
 18890812    231824 
 18890813    218900 
 18890814    135501 
 18890815    105591 
 18890816    167250 
 18890817     68146 
 18890819    128384 
 18890820    115297 
 18890821    128056 
 18890822    224832 
 18890823    152368 
 18890824     55171 
 18890826    171086 
 18890827    218530 
 18890828    245812 
 18890829    284568 
 18890830    304693 
 18890831    119431 
 18890902     C     
 18890903    381882 
 18890904    303592 
 18890905    371094 
 18890906    325625 
 18890907    157942 
 18890909    289116 
 18890910    271897 
 18890911    293526 
 18890912    238349 
 18890913    186431 
 18890914     76459 
 18890916    182986 
 18890917    176391 
 18890918    155896 
 18890919    153786 
 18890920    108716 
 18890921     75559 
 18890923    154584 
 18890924    169930 
 18890925    167986 
 18890926    184251 
 18890927    301653 
 18890928    103065 
 18890930    195565 
 18891001    196258 
 18891002    136889 
 18891003    324513 
 18891004    283807 
 18891005     91038 
 18891007    222468 
 18891008    290320 
 18891009    248302 
 18891010    284882 
 18891011    267714 
 18891012    101697 
 18891014    247696 
 18891015    261685 
 18891016    178530 
 18891017    203780 
 18891018    196057 
 18891019     95536 
 18891021    274174 
 18891022    207481 
 18891023    220901 
 18891024    211030 
 18891025    235186 
 18891026    115111 
 18891028    193895 
 18891029    196255 
 18891030    234335 
 18891031    144177 
 18891101    169911 
 18891102    102690 
 18891104    228016 
 18891105     C     
 18891106    280444 
 18891107    287467 
 18891108    308063 
 18891109    148876 
 18891111    257020 
 18891112    212745 
 18891113    242861 
 18891114    224066 
 18891115    274004 
 18891116    135139 
 18891118    383229 
 18891119    218222 
 18891120    216270 
 18891121    214916 
 18891122    194459 
 18891123     90476 
 18891125    232678 
 18891126    206776 
 18891127    278321 
 18891128     C     
 18891129    334961 
 18891130    210455 
 18891202    398633 
 18891203    344062 
 18891204    300244 
 18891205    231688 
 18891206    280500 
 18891207    127592 
 18891209    209952 
 18891210    213802 
 18891211    209285 
 18891212    199402 
 18891213    123100 
 18891214     90152 
 18891216    149200 
 18891217    143170 
 18891218    191088 
 18891219    238567 
 18891220    305289 
 18891221     82574 
 18891223    114494 
 18891224     54439 
 18891225     C     
 18891226     83540 
 18891227     85043 
 18891228    110746 
 18891230    209896 
 18891231    171239 
 18900101     C     
 18900102    173852 
 18900103    131731 
 18900104    112561 
 18900106    194210 
 18900107    301467 
 18900108    393016 
 18900109    173734 
 18900110    181352 
 18900111     96721 
 18900113    255747 
 18900114    191496 
 18900115    180000 
 18900116    170828 
 18900117    117304 
 18900118     82311 
 18900120    153574 
 18900121    171298 
 18900122    221879 
 18900123    227036 
 18900124    251533 
 18900125    144520 
 18900127    337101 
 18900128    272624 
 18900129    311456 
 18900130    220151 
 18900131    182528 
 18900201    107734 
 18900203    214152 
 18900204    223306 
 18900205    154596 
 18900206    166157 
 18900207    246622 
 18900208    104234 
 18900210    193467 
 18900211    208689 
 18900212    148383 
 18900213    125877 
 18900214    108646 
 18900215     76308 
 18900217    212163 
 18900218    154217 
 18900219    245045 
 18900220    209173 
 18900221    313958 
 18900222     C     
 18900224    251583 
 18900225    185880 
 18900226    188072 
 18900227    152292 
 18900228    164805 
 18900301     84676 
 18900303    148854 
 18900304    132428 
 18900305    228953 
 18900306    253952 
 18900307    272921 
 18900308    128859 
 18900310    393614 
 18900311    204280 
 18900312    241112 
 18900313    291198 
 18900314    197475 
 18900315     94315 
 18900317    175940 
 18900318    119079 
 18900319    123530 
 18900320     88184 
 18900321    113765 
 18900322     45503 
 18900324    141957 
 18900325    107397 
 18900326    101283 
 18900327    107774 
 18900328     99038 
 18900329     34224 
 18900331     59679 
 18900401     57189 
 18900402    129470 
 18900403    165423 
 18900404     C     
 18900405     58869 
 18900407    143636 
 18900408     55354 
 18900409    105524 
 18900410    107866 
 18900411    167723 
 18900412     84095 
 18900414    177094 
 18900415    185900 
 18900416    127137 
 18900417    147397 
 18900418    138960 
 18900419    117910 
 18900421    236639 
 18900422    175123 
 18900423    168281 
 18900424    300056 
 18900425    241610 
 18900426    214017 
 18900428    393808 
 18900429    367682 
 18900430    320217 
 18900501    321151 
 18900502    336363 
 18900503    130933 
 18900505    415649 
 18900506    361626 
 18900507    272917 
 18900508    323146 
 18900509    429329 
 18900510    210407 
 18900512    437460 
 18900513    309276 
 18900514    523095 
 18900515    486626 
 18900516    463587 
 18900517    247684 
 18900519    416162 
 18900520    419485 
 18900521    437468 
 18900522    332975 
 18900523    267765 
 18900524    110253 
 18900526    236551 
 18900527    333203 
 18900528    408032 
 18900529    463816 
 18900530     C     
 18900531    133998 
 18900602    266047 
 18900603    269617 
 18900604    238989 
 18900605    207079 
 18900606    190774 
 18900607     81215 
 18900609    224491 
 18900610    180146 
 18900611    185966 
 18900612    182654 
 18900613    167148 
 18900614     43678 
 18900616     67694 
 18900617     95636 
 18900618    194859 
 18900619    248923 
 18900620    142768 
 18900621     53328 
 18900623    147362 
 18900624    126310 
 18900625    123261 
 18900626    142086 
 18900627    167417 
 18900628     57410 
 18900630    116495 
 18900701     93399 
 18900702     75440 
 18900703     76777 
 18900704     C     
 18900705     C     
 18900707    100825 
 18900708     97860 
 18900709    160265 
 18900710    170062 
 18900711    112951 
 18900712     49499 
 18900714     99905 
 18900715     85693 
 18900716     90514 
 18900717     75499 
 18900718     46700 
 18900719     21220 
 18900721     72261 
 18900722     52723 
 18900723     62790 
 18900724     80489 
 18900725     76443 
 18900726     26273 
 18900728    113895 
 18900729     76518 
 18900730     75462 
 18900731    131054 
 18900801     76932 
 18900802     21651 
 18900804    111089 
 18900805    117981 
 18900806    157185 
 18900807    169141 
 18900808     86530 
 18900809     81470 
 18900811    225541 
 18900812    176569 
 18900813    110914 
 18900814    112044 
 18900815    163417 
 18900816     69635 
 18900818    124549 
 18900819    131469 
 18900820    110293 
 18900821    240133 
 18900822    174901 
 18900823     67236 
 18900825     85685 
 18900826    180863 
 18900827    159289 
 18900828    145227 
 18900829     80772 
 18900830     21631 
 18900901     C     
 18900902    112442 
 18900903    108524 
 18900904    112223 
 18900905    105315 
 18900906     51102 
 18900908    157236 
 18900909    150347 
 18900910     94439 
 18900911    261926 
 18900912    239911 
 18900913    119039 
 18900915    266598 
 18900916    234851 
 18900917    250941 
 18900918    194977 
 18900919    179025 
 18900920     93668 
 18900922    200627 
 18900923    218881 
 18900924    149908 
 18900925    174420 
 18900926    181963 
 18900927     88528 
 18900929    211059 
 18900930    133892 
 18901001    158744 
 18901002    144931 
 18901003    230877 
 18901004    182826 
 18901006    322783 
 18901007    200507 
 18901008    298094 
 18901009    342261 
 18901010    258225 
 18901011    100145 
 18901013    166716 
 18901014    261232 
 18901015    232656 
 18901016    199594 
 18901017    265294 
 18901018    117925 
 18901020    190281 
 18901021    178485 
 18901022    220794 
 18901023    185720 
 18901024    249957 
 18901025    181754 
 18901027    202504 
 18901028    178736 
 18901029    236584 
 18901030    224226 
 18901031    156616 
 18901101     70082 
 18901103    125771 
 18901104     C     
 18901105    245828 
 18901106    344365 
 18901107    555692 
 18901108    209611 
 18901110    522495 
 18901111    666513 
 18901112    605042 
 18901113    509201 
 18901114    452756 
 18901115    392704 
 18901117    313279 
 18901118    282240 
 18901119    303825 
 18901120    273079 
 18901121    329809 
 18901122    204536 
 18901124    401918 
 18901125    286120 
 18901126    248018 
 18901127     C     
 18901128    293335 
 18901129    121912 
 18901201    323029 
 18901202    328309 
 18901203    221000 
 18901204    246426 
 18901205    260144 
 18901206    203415 
 18901208    407662 
 18901209    310982 
 18901210    253375 
 18901211    227498 
 18901212    277546 
 18901213     98711 
 18901215    137070 
 18901216    202997 
 18901217    143054 
 18901218    185110 
 18901219     96673 
 18901220     49800 
 18901222     83708 
 18901223     97738 
 18901224     65340 
 18901225     C     
 18901226     88897 
 18901227     49562 
 18901229    158159 
 18901230    181976 
 18901231    125508 
 18910102    197251 
 18910103    100488 
 18910105    263896 
 18910106    221947 
 18910107    204903 
 18910108    214052 
 18910109    264119 
 18910110    160508 
 18910112    329167 
 18910113    329660 
 18910114    304506 
 18910115    272704 
 18910116    250954 
 18910117     98949 
 18910119    177707 
 18910120    123063 
 18910121     92917 
 18910122    109866 
 18910123    157022 
 18910124     81800 
 18910126    181422 
 18910127    198193 
 18910128    157764 
 18910129    229520 
 18910130    185602 
 18910131     58651 
 18910202    199895 
 18910203    131415 
 18910204    196527 
 18910205    180470 
 18910206    188353 
 18910207    109579 
 18910209    196937 
 18910210    172120 
 18910211    139616 
 18910212    168107 
 18910213    118311 
 18910214     40139 
 18910216    122847 
 18910217    156722 
 18910218    151625 
 18910219     77080 
 18910220     61402 
 18910221     34042 
 18910223     C     
 18910224     30078 
 18910225    117527 
 18910226    139429 
 18910227     96959 
 18910228     60077 
 18910302    162346 
 18910303    143591 
 18910304    163117 
 18910305    135276 
 18910306    234289 
 18910307    114427 
 18910309    168463 
 18910310    145990 
 18910311    114418 
 18910312     85372 
 18910313    144717 
 18910314    115271 
 18910316    196500 
 18910317    207283 
 18910318    118333 
 18910319     88674 
 18910320    122808 
 18910321     48115 
 18910323    127230 
 18910324     64184 
 18910325    107887 
 18910326     73235 
 18910327     C     
 18910328     38677 
 18910330    150958 
 18910331    110700 
 18910401     96252 
 18910402     72604 
 18910403    121987 
 18910404    110709 
 18910406    306887 
 18910407    232784 
 18910408    227187 
 18910409    384617 
 18910410    317517 
 18910411    114668 
 18910413    235460 
 18910414    172166 
 18910415    230278 
 18910416    201214 
 18910417    214719 
 18910418    112024 
 18910420    393524 
 18910421    324931 
 18910422    265382 
 18910423    404224 
 18910424    379662 
 18910425    233580 
 18910427    383183 
 18910428    327939 
 18910429    254722 
 18910430    318910 
 18910501    351278 
 18910502    109931 
 18910504    252228 
 18910505    271376 
 18910506    249856 
 18910507    258128 
 18910508    324406 
 18910509    161097 
 18910511    322559 
 18910512    270254 
 18910513    256707 
 18910514    204346 
 18910515    182664 
 18910516    210903 
 18910518    248283 
 18910519    325622 
 18910520    246170 
 18910521    231363 
 18910522    353786 
 18910523    179513 
 18910525    211319 
 18910526    161885 
 18910527    138626 
 18910528     94865 
 18910529    157182 
 18910531     C     
 18910601    228264 
 18910602    197181 
 18910603    154061 
 18910604    279160 
 18910605    169147 
 18910606     70158 
 18910608    138665 
 18910609    117107 
 18910610    103264 
 18910611    123254 
 18910612    114483 
 18910613    106351 
 18910615    186777 
 18910616    149445 
 18910617    119411 
 18910618    146879 
 18910619    144302 
 18910620     47801 
 18910622    134174 
 18910623    116802 
 18910624     80878 
 18910625     92761 
 18910626    171532 
 18910627     95384 
 18910629    236981 
 18910630    220103 
 18910701    194659 
 18910702     90780 
 18910703    126678 
 18910704     C     
 18910706    174716 
 18910707    114068 
 18910708     76240 
 18910709    112505 
 18910710    103621 
 18910711     48047 
 18910713     98790 
 18910714     74496 
 18910715     62812 
 18910716     57294 
 18910717     74173 
 18910718     67501 
 18910720    120676 
 18910721     77283 
 18910722     67547 
 18910723     79035 
 18910724     95812 
 18910725     66181 
 18910726    185362 
 18910727    185362 
 18910728    143816 
 18910730    145531 
 18910731    203076 
 18910801     68717 
 18910803    108728 
 18910804    136065 
 18910805    183267 
 18910806    178809 
 18910807    214826 
 18910808     56642 
 18910810    130636 
 18910811    139250 
 18910812    237117 
 18910813    210982 
 18910814    204169 
 18910815    127365 
 18910817    347219 
 18910818    323298 
 18910819    240157 
 18910820    230376 
 18910821    150223 
 18910822     81468 
 18910824    176288 
 18910825    280014 
 18910826    317531 
 18910827    294106 
 18910828    359898 
 18910829    258064 
 18910831    168590 
 18910901    441400 
 18910902    375835 
 18910903    366389 
 18910904    384179 
 18910905    188717 
 18910907     C     
 18910908    388850 
 18910909    398808 
 18910910    296504 
 18910911    308760 
 18910912    135619 
 18910914    273172 
 18910915    423154 
 18910916    513074 
 18910917    560331 
 18910918    729426 
 18910919    287488 
 18910921    717334 
 18910922    608516 
 18910923    518250 
 18910924    741453 
 18910925    625219 
 18910926    296041 
 18910928    461443 
 18910929    406948 
 18910930    399679 
 18911001    470093 
 18911002    657379 
 18911003    271027 
 18911005    492724 
 18911006    358911 
 18911007    292308 
 18911008    236911 
 18911009    224170 
 18911010     93424 
 18911012    260446 
 18911013    220747 
 18911014    230308 
 18911015    240767 
 18911016    276981 
 18911017    178362 
 18911019    158800 
 18911020    122700 
 18911021    255983 
 18911022    237916 
 18911023    222391 
 18911024     95727 
 18911026    156500 
 18911027    217602 
 18911028    191916 
 18911029    230878 
 18911030    186316 
 18911031     79993 
 18911102    247627 
 18911103     C     
 18911104    211294 
 18911105    262299 
 18911106    326535 
 18911107    208545 
 18911109    351828 
 18911110    369764 
 18911111    286774 
 18911112    239424 
 18911113    245466 
 18911114    131393 
 18911116    184246 
 18911117    109486 
 18911118    249654 
 18911119    146670 
 18911120    283147 
 18911121    174110 
 18911123    317595 
 18911124    195049 
 18911125    173364 
 18911126     C     
 18911127    212567 
 18911128     74330 
 18911130    159267 
 18911201    163355 
 18911202    185100 
 18911203    181631 
 18911204    187079 
 18911205    118234 
 18911207    254108 
 18911208    236942 
 18911209    311893 
 18911210    315408 
 18911211    182356 
 18911212    120318 
 18911214    238534 
 18911215    233765 
 18911216    244801 
 18911217    256749 
 18911218    351004 
 18911219    184963 
 18911221    395958 
 18911222    379563 
 18911223    363390 
 18911224    403581 
 18911225     C     
 18911226     C     
 18911228    446518 
 18911229    362759 
 18911230    269052 
 18911231    304201 
 18920102    217334 
 18920104    598884 
 18920105    548093 
 18920106    449984 
 18920107    659361 
 18920108    567362 
 18920109    298336 
 18920111    519571 
 18920112    349602 
 18920113    415165 
 18920114    357661 
 18920115    312176 
 18920116    123611 
 18920118    412174 
 18920119    486152 
 18920120    445797 
 18920121    410736 
 18920122    371857 
 18920123    162872 
 18920125    259686 
 18920126    412605 
 18920127    430806 
 18920128    336223 
 18920129    321594 
 18920130    165706 
 18920201    302595 
 18920202    277402 
 18920203    348725 
 18920204    408117 
 18920205    455211 
 18920206    357983 
 18920208    770797 
 18920209    536866 
 18920210    758502 
 18920211   1441088 
 18920212    978451 
 18920213    429889 
 18920215    660906 
 18920216    500495 
 18920217    413088 
 18920218    316588 
 18920219    463922 
 18920220    164532 
 18920222     C     
 18920223    318622 
 18920224    248727 
 18920225    266559 
 18920226    186011 
 18920227    141394 
 18920229    597609 
 18920301    326041 
 18920302    414813 
 18920303    583651 
 18920304    486841 
 18920305    386608 
 18920307    449682 
 18920308    375837 
 18920309    332782 
 18920310    199856 
 18920311    477969 
 18920312    224909 
 18920314    324896 
 18920315    257685 
 18920316    182899 
 18920317    215675 
 18920318    175835 
 18920319    106481 
 18920321    202246 
 18920322    259802 
 18920323    240356 
 18920324    313203 
 18920325    497248 
 18920326    179522 
 18920328    278360 
 18920329    249044 
 18920330    273139 
 18920331    254955 
 18920401    337852 
 18920402    259882 
 18920404    336781 
 18920405    354233 
 18920406    422398 
 18920407    384772 
 18920408    271517 
 18920409     96738 
 18920411    237686 
 18920412    187861 
 18920413    255169 
 18920414    327693 
 18920415     C     
 18920416    188085 
 18920418    386482 
 18920419    424262 
 18920420    427155 
 18920421    287936 
 18920422    216868 
 18920423    151918 
 18920425    210843 
 18920426    137967 
 18920427    129621 
 18920428    238878 
 18920429    235895 
 18920430    133256 
 18920502    172436 
 18920503    151603 
 18920504    187109 
 18920505    198092 
 18920506    163942 
 18920507    116004 
 18920509    320176 
 18920510    274904 
 18920511    180587 
 18920512    218493 
 18920513    279512 
 18920514    164122 
 18920516    213065 
 18920517    230188 
 18920518    269873 
 18920519    341305 
 18920520    377866 
 18920521    193107 
 18920523    286755 
 18920524    270524 
 18920525    285535 
 18920526    283604 
 18920527    182592 
 18920528     63785 
 18920530     C     
 18920531    202320 
 18920601    243234 
 18920602    175929 
 18920603    222685 
 18920604    101065 
 18920606    225184 
 18920607    264384 
 18920608    254803 
 18920609    221537 
 18920610    226041 
 18920611    176800 
 18920613    406336 
 18920614    291301 
 18920615    301880 
 18920616    266993 
 18920617    205241 
 18920618     60010 
 18920620    139795 
 18920621    184019 
 18920622    166036 
 18920623    179661 
 18920624    202356 
 18920625     53313 
 18920627    123587 
 18920628    121331 
 18920629    120012 
 18920630    107119 
 18920701     97999 
 18920702     C     
 18920704     C     
 18920705    261680 
 18920706    254110 
 18920707    174700 
 18920708    148237 
 18920709     54932 
 18920711    125319 
 18920712    109180 
 18920713    192975 
 18920714    159289 
 18920715    101582 
 18920716     24595 
 18920718     83707 
 18920719     53639 
 18920720     98624 
 18920721    212107 
 18920722    122652 
 18920723     28699 
 18920725    115559 
 18920726    125117 
 18920727    144268 
 18920728    216584 
 18920729    231190 
 18920730     93465 
 18920801    237862 
 18920802    190406 
 18920803    196853 
 18920804    174545 
 18920805    193220 
 18920806     65151 
 18920808    171541 
 18920809    143055 
 18920810    179626 
 18920811    268409 
 18920812    144068 
 18920813     61096 
 18920815    128949 
 18920816    157007 
 18920817    187781 
 18920818    154900 
 18920819    143822 
 18920820     81396 
 18920822    248640 
 18920823    318075 
 18920824    211173 
 18920825    188571 
 18920826    185116 
 18920827     67564 
 18920829    207981 
 18920830    165103 
 18920831    242521 
 18920901    451803 
 18920902    318991 
 18920903    105157 
 18920905     C     
 18920906    176237 
 18920907    236678 
 18920908    226988 
 18920909    199603 
 18920910     83000 
 18920912    240946 
 18920913    250836 
 18920914    309290 
 18920915    382749 
 18920916    268883 
 18920917    116476 
 18920919    304590 
 18920920    227013 
 18920921    250730 
 18920922    308815 
 18920923    431995 
 18920924    125129 
 18920926    224800 
 18920927    223911 
 18920928    189268 
 18920929    185339 
 18920930    278350 
 18921001    109632 
 18921003    353498 
 18921004    532421 
 18921005    359632 
 18921006    281577 
 18921007    226553 
 18921008     66175 
 18921010    188817 
 18921011    171707 
 18921012     C     
 18921013    323904 
 18921014    294230 
 18921015    140563 
 18921017    383955 
 18921018    273157 
 18921019    251794 
 18921020    268617 
 18921021    477523 
 18921022     C     
 18921024    398689 
 18921025    400733 
 18921026    404193 
 18921027    373677 
 18921028    267261 
 18921029    151438 
 18921031    316240 
 18921101    203205 
 18921102    154812 
 18921103    129186 
 18921104    149304 
 18921105    106706 
 18921107    278819 
 18921108     C     
 18921109    161254 
 18921110    264494 
 18921111    279747 
 18921112    116273 
 18921114    366949 
 18921115    261672 
 18921116    225285 
 18921117    263974 
 18921118    185113 
 18921119     62464 
 18921121    179893 
 18921122    203806 
 18921123    222556 
 18921124     C     
 18921125    278808 
 18921126    166282 
 18921128    206552 
 18921129    262290 
 18921130    322782 
 18921201    229503 
 18921202    366051 
 18921203    187176 
 18921205    368424 
 18921206    270195 
 18921207    248518 
 18921208    173067 
 18921209    271439 
 18921210    229053 
 18921212    332676 
 18921213    274802 
 18921214    280010 
 18921215    363279 
 18921216    462337 
 18921217    213374 
 18921219    535202 
 18921220    333373 
 18921221    288384 
 18921222    309856 
 18921223    221489 
 18921224     70818 
 18921226     C     
 18921227    200477 
 18921228    288986 
 18921229    307628 
 18921230    797091 
 18921231    112892 
 18930101     C     
 18930102     C     
 18930103    289345 
 18930104    313832 
 18930105    301975 
 18930106    172957 
 18930107    128093 
 18930109    359022 
 18930110    321283 
 18930111    345374 
 18930112    402762 
 18930113    571984 
 18930114    361892 
 18930116    514713 
 18930117    422908 
 18930118    334850 
 18930119    424291 
 18930120    528739 
 18930121    308899 
 18930123    457298 
 18930124    338000 
 18930125    440367 
 18930126    314150 
 18930127    285342 
 18930128    115248 
 18930130    428634 
 18930131    254348 
 18930201    431427 
 18930202    397825 
 18930203    348552 
 18930204    115182 
 18930206    344490 
 18930207    228577 
 18930208    267612 
 18930209    337824 
 18930210    272120 
 18930211    159902 
 18930213    215212 
 18930214    207057 
 18930215    300167 
 18930216    218072 
 18930217    744752 
 18930218    639272 
 18930220   1309841 
 18930221    445583 
 18930222     C     
 18930223    413439 
 18930224    609515 
 18930225    215719 
 18930227    440570 
 18930228    367866 
 18930301    373722 
 18930302    266439 
 18930303    251205 
 18930304    123450 
 18930306    265552 
 18930307    292936 
 18930308    227840 
 18930309    165784 
 18930310    228684 
 18930311    129874 
 18930313    207974 
 18930314    180852 
 18930315    297069 
 18930316    312610 
 18930317    297097 
 18930318    126193 
 18930320    224499 
 18930321    152090 
 18930322    199414 
 18930323    202769 
 18930324    246313 
 18930325    154524 
 18930327    199071 
 18930328    185051 
 18930329    188653 
 18930330    246141 
 18930331     C     
 18930401    128446 
 18930403    272697 
 18930404    181333 
 18930405    343229 
 18930406    257755 
 18930407    157621 
 18930408    104338 
 18930410    192404 
 18930411    133471 
 18930412    152783 
 18930413    310631 
 18930414    215109 
 18930415    109620 
 18930417    251598 
 18930418    255494 
 18930419    306545 
 18930420    259013 
 18930421    371704 
 18930423    114684 
 18930424    263861 
 18930425    228308 
 18930426    159631 
 18930427     C     
 18930428    336436 
 18930429    161190 
 18930501    442601 
 18930502    295068 
 18930503    437594 
 18930504    643590 
 18930505    547058 
 18930506    165709 
 18930508    285922 
 18930509    270118 
 18930510    396257 
 18930511    416969 
 18930512    250716 
 18930513    158654 
 18930515    331317 
 18930516    261384 
 18930517    292683 
 18930518    301623 
 18930519    260633 
 18930520    108574 
 18930522    188169 
 18930523    154345 
 18930524    164127 
 18930525    223424 
 18930526    181123 
 18930527    117108 
 18930529    304889 
 18930530     C     
 18930531    259029 
 18930601    237013 
 18930602    252246 
 18930603     94293 
 18930605    184244 
 18930606    194366 
 18930607    121699 
 18930608    208437 
 18930609    194803 
 18930610    170556 
 18930612    185783 
 18930613    142017 
 18930614    169229 
 18930615    147816 
 18930616    179364 
 18930617     42868 
 18930619     90275 
 18930620     99784 
 18930621    145210 
 18930622    150882 
 18930623    128783 
 18930624     67044 
 18930626    219244 
 18930627    232558 
 18930628    237973 
 18930629    180966 
 18930630    233349 
 18930701     98483 
 18930703     71054 
 18930704     C     
 18930705     95449 
 18930706     88816 
 18930707     96302 
 18930708     33394 
 18930710    145946 
 18930711    255737 
 18930712    298221 
 18930713    244158 
 18930714    215767 
 18930715     67568 
 18930717    176723 
 18930718    323721 
 18930719    337508 
 18930720    220114 
 18930721    205434 
 18930722    136874 
 18930724    258220 
 18930725    352523 
 18930726    432763 
 18930727    359432 
 18930728    345996 
 18930729    146696 
 18930731    263152 
 18930801    225778 
 18930802    298735 
 18930803    250021 
 18930804    256957 
 18930805     99832 
 18930807    175020 
 18930808    148471 
 18930809    214288 
 18930810    190838 
 18930811    124624 
 18930812     48527 
 18930814    133204 
 18930815    135024 
 18930816    196176 
 18930817    112869 
 18930818     85911 
 18930819     41265 
 18930821    155277 
 18930822    134163 
 18930823    106804 
 18930824     83897 
 18930825    144017 
 18930826     75525 
 18930827    128426 
 18930829    187217 
 18930830    238248 
 18930831    207116 
 18930901    134977 
 18930902    130306 
 18930904     C     
 18930905    275347 
 18930906    260798 
 18930907    212604 
 18930908    232072 
 18930909    131006 
 18930911    227292 
 18930912    183931 
 18930913    147159 
 18930914    118455 
 18930915    113715 
 18930916     49688 
 18930918    107996 
 18930919    109067 
 18930920    101078 
 18930921     91271 
 18930922    107119 
 18930923     64686 
 18930925    178444 
 18930926    239071 
 18930927    131232 
 18930928    161123 
 18930929    243425 
 18930930     88262 
 18931002    118016 
 18931003     82119 
 18931004    114820 
 18931005    113033 
 18931006     89606 
 18931007     48652 
 18931009    122147 
 18931010    148971 
 18931011    152660 
 18931012    153246 
 18931013    240777 
 18931014     66785 
 18931016    142629 
 18931017    168532 
 18931018    149667 
 18931019    125457 
 18931020    161736 
 18931021     71714 
 18931023    291058 
 18931024    388084 
 18931025    432129 
 18931026    402153 
 18931027    346661 
 18931028    215235 
 18931030    371737 
 18931031    430575 
 18931101    282893 
 18931102    268735 
 18931103    272093 
 18931104     81948 
 18931106    207030 
 18931107     C     
 18931108    213244 
 18931109    169771 
 18931110    166203 
 18931111     85113 
 18931113    182369 
 18931114    183487 
 18931115    144547 
 18931116    147907 
 18931117    171115 
 18931118     55063 
 18931120    128118 
 18931121    162265 
 18931122    227613 
 18931123    176829 
 18931124    197930 
 18931125    105284 
 18931127    208457 
 18931128    166334 
 18931129    181677 
 18931130    556468 
 18931201    189577 
 18931202    141575 
 18931204    331152 
 18931205    164664 
 18931206    119065 
 18931207     99620 
 18931208    126148 
 18931209     65707 
 18931211    167604 
 18931212    117401 
 18931213    120514 
 18931214    138001 
 18931215    101169 
 18931216     77841 
 18931218    225725 
 18931219    250649 
 18931220    297683 
 18931221    286815 
 18931222    208393 
 18931223    145072 
 18931225     C     
 18931226    230950 
 18931227    320705 
 18931228    244750 
 18931229    184415 
 18931230     99250 
 18940101     C     
 18940102    192419 
 18940103    180408 
 18940104    257868 
 18940105    173999 
 18940106    126645 
 18940108    221623 
 18940109    168746 
 18940110    101023 
 18940111    123173 
 18940112    109518 
 18940113     52500 
 18940115    171322 
 18940116    112821 
 18940117    104775 
 18940118    151055 
 18940119    152519 
 18940120    111106 
 18940122    159108 
 18940123    109219 
 18940124     98028 
 18940125    125434 
 18940126    120004 
 18940127     47985 
 18940129    134754 
 18940130    113782 
 18940131     90751 
 18940201    104314 
 18940202     87026 
 18940203     47468 
 18940205     89583 
 18940206     95144 
 18940207    105245 
 18940208    117640 
 18940209     86300 
 18940210     37742 
 18940212    126244 
 18940213    111524 
 18940214    113896 
 18940215     80169 
 18940216     95448 
 18940217     55349 
 18940219     91220 
 18940220     80352 
 18940221     75216 
 18940222     C     
 18940223     56109 
 18940224     67237 
 18940226     90898 
 18940227    115661 
 18940228    122019 
 18940301    184822 
 18940302    139431 
 18940303     55718 
 18940305    176244 
 18940306    181681 
 18940307    161545 
 18940308    192239 
 18940309     99358 
 18940310     72060 
 18940312    133110 
 18940313    133956 
 18940314    190886 
 18940315    130908 
 18940316    107627 
 18940317     72773 
 18940319    113659 
 18940320    102357 
 18940321    121629 
 18940322    126569 
 18940323     C     
 18940325    516808 
 18940326    114188 
 18940327    105033 
 18940328    141823 
 18940329    149844 
 18940330    192898 
 18940402    155272 
 18940403    148055 
 18940404    145433 
 18940405    179041 
 18940406    179894 
 18940407    120742 
 18940409    128643 
 18940410    112860 
 18940411     76502 
 18940412     66490 
 18940413    104629 
 18940414     47226 
 18940416    163571 
 18940417    155288 
 18940418    149530 
 18940419    116720 
 18940420    136527 
 18940421     75269 
 18940423    121671 
 18940424    162066 
 18940425    124286 
 18940426     77883 
 18940427     92297 
 18940428     28213 
 18940430    114736 
 18940501    131639 
 18940502    116824 
 18940503    133480 
 18940504    112683 
 18940505     37292 
 18940507     91884 
 18940508     80160 
 18940509    113954 
 18940510     96232 
 18940511     60461 
 18940512     50814 
 18940514     49486 
 18940515    103334 
 18940516    163075 
 18940517    160561 
 18940518    196001 
 18940519     72711 
 18940521    227844 
 18940522    218832 
 18940523    220810 
 18940524    171517 
 18940525    176956 
 18940526     71477 
 18940528     97643 
 18940529    100297 
 18940530     C     
 18940531     73590 
 18940601     61078 
 18940602     44813 
 18940604    103658 
 18940605     82372 
 18940606    121341 
 18940607    130093 
 18940608    124355 
 18940609     32976 
 18940611     95249 
 18940612     74041 
 18940613     77186 
 18940614    109379 
 18940615     67079 
 18940616     31720 
 18940618     81560 
 18940619     95981 
 18940620     72673 
 18940621     76178 
 18940622    121738 
 18940623     55808 
 18940625     87210 
 18940626     87767 
 18940627     88601 
 18940628     69769 
 18940629     52923 
 18940630     18775 
 18940702     74763 
 18940703     38324 
 18940704     C     
 18940705     62000 
 18940706     47103 
 18940707     52637 
 18940709    114992 
 18940710     77147 
 18940711    101209 
 18940712     55474 
 18940713     80258 
 18940714     33240 
 18940716     92936 
 18940717    108796 
 18940718     51039 
 18940719     64642 
 18940720     59209 
 18940721     29529 
 18940723     98000 
 18940724     59281 
 18940725     80606 
 18940726     55750 
 18940727     52849 
 18940728     25188 
 18940730     95240 
 18940731     57642 
 18940801     82120 
 18940802     64048 
 18940803     61989 
 18940804     42553 
 18940806    112242 
 18940807     81416 
 18940808    116173 
 18940809    119111 
 18940810     89529 
 18940811     44442 
 18940813    192865 
 18940814    207334 
 18940815    135303 
 18940816    176334 
 18940817    223973 
 18940818    136714 
 18940820    174598 
 18940821    186554 
 18940822    142990 
 18940823    213060 
 18940824    187421 
 18940825    167310 
 18940827    228383 
 18940828    147120 
 18940829    151956 
 18940830    141608 
 18940831     90843 
 18940901     47185 
 18940903     C     
 18940904    127722 
 18940905    122952 
 18940906    142302 
 18940907    135292 
 18940908     43590 
 18940910    100185 
 18940911    101019 
 18940912    116422 
 18940913    134902 
 18940914    124766 
 18940915     66447 
 18940917    165991 
 18940918    195641 
 18940919    131520 
 18940920    121828 
 18940921    167909 
 18940922     60846 
 18940924    116862 
 18940925    113582 
 18940926    173525 
 18940927    115494 
 18940928    139682 
 18940929     54263 
 18941001    140634 
 18941002     84412 
 18941003     98094 
 18941004    137630 
 18941005    115130 
 18941006     47995 
 18941008     83097 
 18941009     96452 
 18941010     78387 
 18941011    107648 
 18941012     73849 
 18941013     30108 
 18941015     84584 
 18941016     84459 
 18941017     99940 
 18941018     85952 
 18941019    109670 
 18941020     54069 
 18941022     68308 
 18941023     52646 
 18941024     51170 
 18941025     79308 
 18941026     68974 
 18941027     68945 
 18941029    164082 
 18941030    115025 
 18941031    117039 
 18941101    106297 
 18941102     98788 
 18941103     36377 
 18941105     99205 
 18941106     C     
 18941107    192319 
 18941108    156180 
 18941109    157850 
 18941110    143486 
 18941112    160482 
 18941113     99500 
 18941114    124118 
 18941115     98633 
 18941116    115826 
 18941117    106529 
 18941119    167281 
 18941120    112874 
 18941121    221837 
 18941122    157998 
 18941123    119427 
 18941124     67171 
 18941126    126648 
 18941127    126542 
 18941128    142364 
 18941129     C     
 18941130    128744 
 18941201     75689 
 18941203    124724 
 18941204    119833 
 18941205     95613 
 18941206     96075 
 18941207    189286 
 18941208     59708 
 18941210    101251 
 18941211     98410 
 18941212    113097 
 18941213    133994 
 18941214    114517 
 18941215     38269 
 18941217     70448 
 18941218     88290 
 18941219    104189 
 18941220     83971 
 18941221     92666 
 18941222     40184 
 18941224     55759 
 18941225     C     
 18941226    132755 
 18941227     79123 
 18941228     71605 
 18941229     45394 
 18941231     50342 
 18950102    109000 
 18950103    136143 
 18950104     88495 
 18950105     40284 
 18950107    105167 
 18950108     70559 
 18950109     78444 
 18950110     81808 
 18950111    111948 
 18950112     64772 
 18950114    129567 
 18950115     88488 
 18950116     71430 
 18950117     72789 
 18950118    102225 
 18950119     42983 
 18950121     78168 
 18950122    116004 
 18950123    163394 
 18950124     86256 
 18950125     77724 
 18950126     42293 
 18950128    125334 
 18950129    177870 
 18950130    116514 
 18950131    142298 
 18950201    161458 
 18950202     64514 
 18950204    142895 
 18950205    108771 
 18950206     83464 
 18950207     54874 
 18950208     98006 
 18950209     63957 
 18950211    115660 
 18950212    113560 
 18950213     63338 
 18950214     92025 
 18950215    149227 
 18950216     43594 
 18950218    105193 
 18950219     84254 
 18950220     88517 
 18950221     80207 
 18950222     C     
 18950223     56636 
 18950225    117767 
 18950226    112124 
 18950227    100831 
 18950228    151050 
 18950301    100203 
 18950302     70715 
 18950304    158957 
 18950305    127646 
 18950306    106970 
 18950307    103588 
 18950308    117930 
 18950309     54598 
 18950311    145150 
 18950312     99365 
 18950313     96861 
 18950314    113933 
 18950315    136949 
 18950316     59343 
 18950318    198367 
 18950319    203602 
 18950320    181840 
 18950321    221321 
 18950322    190471 
 18950323    136164 
 18950325    269253 
 18950326    172133 
 18950327    207942 
 18950328    131452 
 18950329    183827 
 18950330    100785 
 18950401    156501 
 18950402     98948 
 18950403    117004 
 18950404    115864 
 18950405    103398 
 18950406     58300 
 18950408    131917 
 18950409    107080 
 18950410    108003 
 18950411     97883 
 18950412     C     
 18950413     51284 
 18950415    157712 
 18950416    141637 
 18950417    143111 
 18950418    245433 
 18950419    195903 
 18950420     90658 
 18950422    240624 
 18950423    263526 
 18950424    256682 
 18950425    236155 
 18950426    171748 
 18950427     74440 
 18950429    219374 
 18950430    179070 
 18950501    148832 
 18950502    225752 
 18950503    247720 
 18950504     88205 
 18950506    181377 
 18950507    312582 
 18950508    358524 
 18950509    418125 
 18950510    531306 
 18950511    289405 
 18950513    638355 
 18950514    312052 
 18950515    402826 
 18950516    350790 
 18950517    373967 
 18950518    216346 
 18950520    279545 
 18950521    236503 
 18950522    222105 
 18950523    290438 
 18950524    319253 
 18950525    128918 
 18950527    208543 
 18950528    219858 
 18950529    176757 
 18950530     C     
 18950531    139768 
 18950601     68535 
 18950603    150219 
 18950604    161096 
 18950605    169427 
 18950606    147448 
 18950607    221284 
 18950608     77180 
 18950610    142902 
 18950611    264568 
 18950612    311917 
 18950613    287641 
 18950614    248485 
 18950615    112555 
 18950617    274298 
 18950618    265012 
 18950619    177017 
 18950620    172624 
 18950621    206784 
 18950622     86488 
 18950624    190121 
 18950625    184959 
 18950626    157728 
 18950627    275459 
 18950628    369812 
 18950629    122237 
 18950701    230164 
 18950702    249787 
 18950703    125404 
 18950704     C     
 18950705    161140 
 18950706     95276 
 18950708    204543 
 18950709    254445 
 18950710    275924 
 18950711    221767 
 18950712    148417 
 18950713     67422 
 18950715    147228 
 18950716    195772 
 18950717    153598 
 18950718    135323 
 18950719     94944 
 18950720     38229 
 18950722    183628 
 18950723    270892 
 18950724    222908 
 18950725    146948 
 18950726    211702 
 18950727     68746 
 18950729    268986 
 18950730    157497 
 18950731    194758 
 18950801    197380 
 18950802    180036 
 18950803     61721 
 18950805    110940 
 18950806    119749 
 18950807    131858 
 18950808     93810 
 18950809    135876 
 18950810     62537 
 18950812    131827 
 18950813    144734 
 18950814    131231 
 18950815    110856 
 18950816    113380 
 18950817     55800 
 18950819    247366 
 18950820    198639 
 18950821    245543 
 18950822    169374 
 18950823     93229 
 18950824     70233 
 18950826    187422 
 18950827    255628 
 18950828    282955 
 18950829    271691 
 18950830    198607 
 18950831    119856 
 18950902     C     
 18950903    286101 
 18950904    366641 
 18950905    305599 
 18950906    238891 
 18950907     76959 
 18950909    281060 
 18950910    181323 
 18950911    314754 
 18950912    268525 
 18950913    360838 
 18950914    191756 
 18950916    382124 
 18950917    225879 
 18950918    220024 
 18950919    338296 
 18950920    362182 
 18950921    110618 
 18950923    216123 
 18950924    198075 
 18950925    223306 
 18950926    212938 
 18950927    207790 
 18950928     75864 
 18950930    180732 
 18951001    145725 
 18951002    178082 
 18951003    184107 
 18951004    201100 
 18951005     95385 
 18951007    263161 
 18951008    174771 
 18951009    199356 
 18951010    153220 
 18951011    118969 
 18951012     64794 
 18951014    124730 
 18951015    171373 
 18951016    154477 
 18951017     94036 
 18951018    104440 
 18951019     88676 
 18951021    150961 
 18951022     95245 
 18951023    113923 
 18951024    196537 
 18951025    126621 
 18951026     63496 
 18951028    166356 
 18951029    216114 
 18951030    309877 
 18951031    187539 
 18951101     98893 
 18951102     76602 
 18951104    274112 
 18951105     C     
 18951106    282386 
 18951107    228816 
 18951108    217024 
 18951109    105007 
 18951111    176983 
 18951112    199220 
 18951113    267919 
 18951114    241552 
 18951115    166350 
 18951116     55619 
 18951118    172124 
 18951119    211471 
 18951120    201514 
 18951121    105503 
 18951122    110030 
 18951123     39829 
 18951125    127629 
 18951126    121806 
 18951127    177698 
 18951128     C     
 18951129    143464 
 18951130     87759 
 18951202    133012 
 18951203    121923 
 18951204    138339 
 18951205    152647 
 18951206    228415 
 18951207    131779 
 18951209    266429 
 18951210    172814 
 18951211    142134 
 18951212    149415 
 18951213     99730 
 18951214     78093 
 18951216    198868 
 18951217    126639 
 18951218    234572 
 18951219    338478 
 18951220    577999 
 18951221    259262 
 18951223    338263 
 18951224    285969 
 18951225     C     
 18951226    210859 
 18951227    171530 
 18951228    101161 
 18951230    145478 
 18951231    130064 
 18960102    118742 
 18960103    122799 
 18960104    121556 
 18960106    260870 
 18960107    205424 
 18960108    143196 
 18960109    111822 
 18960110     98400 
 18960111     47737 
 18960113    123885 
 18960114    126338 
 18960115    107158 
 18960116     91678 
 18960117     86256 
 18960118    100646 
 18960120    106678 
 18960121    111891 
 18960122    124084 
 18960123    108281 
 18960124    121691 
 18960125     94637 
 18960127    177976 
 18960128    152634 
 18960129    165921 
 18960130    212739 
 18960131    193495 
 18960201     72223 
 18960203    126757 
 18960204    200336 
 18960205    237060 
 18960206    260326 
 18960207    222845 
 18960208    110806 
 18960210    310327 
 18960211    226913 
 18960212     C     
 18960213    221906 
 18960214    167834 
 18960215     75907 
 18960217    114254 
 18960218    121472 
 18960219     93576 
 18960220    163318 
 18960221    140862 
 18960222     C     
 18960224    189136 
 18960225    212324 
 18960226    155732 
 18960227    142402 
 18960228    275708 
 18960229    150144 
 18960302    259674 
 18960303    176569 
 18960304    167834 
 18960305    173361 
 18960306    165881 
 18960307    110954 
 18960309    178905 
 18960310    170743 
 18960311    312729 
 18960312    186176 
 18960313    151870 
 18960314     96230 
 18960316    147378 
 18960317     91361 
 18960318    159676 
 18960319    149195 
 18960320    127264 
 18960321     98887 
 18960322    153485 
 18960324    128445 
 18960325     89020 
 18960326    100479 
 18960327    118083 
 18960328     80257 
 18960330    173561 
 18960331    164783 
 18960401    121948 
 18960402    140882 
 18960403     C     
 18960404     71705 
 18960406    134330 
 18960407    144878 
 18960408    125132 
 18960409    110224 
 18960410     77913 
 18960411     27652 
 18960413    136802 
 18960414    157444 
 18960415    119223 
 18960416    123757 
 18960417    105423 
 18960418     50388 
 18960420    196986 
 18960421    209741 
 18960422    230801 
 18960423    218643 
 18960424    157822 
 18960425     71210 
 18960427    109893 
 18960428    109041 
 18960429     92117 
 18960430     78771 
 18960501     87158 
 18960502     40123 
 18960504     71451 
 18960505     71068 
 18960506    112652 
 18960507    109922 
 18960508    116895 
 18960509     37796 
 18960511    115772 
 18960512    103068 
 18960513     68900 
 18960514     63318 
 18960515     76093 
 18960516     34693 
 18960518     86274 
 18960519     56219 
 18960520     49810 
 18960521     74161 
 18960522     85050 
 18960523     64660 
 18960525     80472 
 18960526     65266 
 18960527     46190 
 18960528    105972 
 18960529     55506 
 18960530     C     
 18960601     54052 
 18960602     72104 
 18960603     82373 
 18960604     77464 
 18960605     63613 
 18960606     26955 
 18960608     77860 
 18960609     68402 
 18960610    209271 
 18960611    136410 
 18960612    110485 
 18960613     54228 
 18960615    160652 
 18960616    193053 
 18960617    169544 
 18960618    153872 
 18960619    149019 
 18960620     37981 
 18960622    158588 
 18960623     94802 
 18960624    114667 
 18960625     72574 
 18960626     79552 
 18960627     84923 
 18960629    272379 
 18960630    175524 
 18960701    259945 
 18960702    218748 
 18960703     94392 
 18960704     C     
 18960706    136963 
 18960707     56943 
 18960708     87974 
 18960709     75024 
 18960710     60751 
 18960711     78540 
 18960713    127142 
 18960714    151481 
 18960715    297626 
 18960716    340394 
 18960717    195709 
 18960718     90279 
 18960720    302925 
 18960721    248409 
 18960722    192137 
 18960723    202495 
 18960724    140765 
 18960725     80157 
 18960727     76988 
 18960728    157605 
 18960729    168263 
 18960730    100235 
 18960731     98025 
 18960801     41221 
 18960803     55673 
 18960804    140106 
 18960805     92747 
 18960806    110315 
 18960807    269476 
 18960808    111374 
 18960810    197791 
 18960811    189960 
 18960812    129534 
 18960813    197333 
 18960814    143100 
 18960815     46917 
 18960817    122001 
 18960818    107592 
 18960819    176493 
 18960820    120007 
 18960821    106994 
 18960822     44793 
 18960824     76797 
 18960825     73660 
 18960826     63441 
 18960827     68686 
 18960828    103545 
 18960829     75226 
 18960831    159640 
 18960901     99232 
 18960902    220002 
 18960903    156190 
 18960904    192669 
 18960905     84352 
 18960907     C     
 18960908    149481 
 18960909    182189 
 18960910    136821 
 18960911    132244 
 18960912     55204 
 18960914    101510 
 18960915    161240 
 18960916    126848 
 18960917    165416 
 18960918    113404 
 18960919     39202 
 18960921    132334 
 18960922    152522 
 18960923    151602 
 18960924    134208 
 18960925    199681 
 18960926    100999 
 18960928    140511 
 18960929    211828 
 18960930    167298 
 18961001    149480 
 18961002    159852 
 18961003     65565 
 18961005    163848 
 18961006     91067 
 18961007    130216 
 18961008    167656 
 18961009    126989 
 18961010    153857 
 18961012    107181 
 18961013    128400 
 18961014    160824 
 18961015    112946 
 18961016     65507 
 18961017     71386 
 18961019    109840 
 18961020    180958 
 18961021    190052 
 18961022    196869 
 18961023    184002 
 18961024     82005 
 18961026    189001 
 18961027    216083 
 18961028    132959 
 18961029    155947 
 18961030    140496 
 18961031    103454 
 18961102    188140 
 18961103     C     
 18961104    459042 
 18961105    410834 
 18961106    399098 
 18961107    267868 
 18961109    348138 
 18961110    339773 
 18961111    281865 
 18961112    263880 
 18961113    258432 
 18961114    110671 
 18961116    160989 
 18961117    151717 
 18961118    168154 
 18961119    152356 
 18961120    136291 
 18961121    108433 
 18961123    134467 
 18961124    110181 
 18961125    130776 
 18961126     C     
 18961127    120086 
 18961128     75162 
 18961130    134613 
 18961201    154364 
 18961202    138382 
 18961203    132479 
 18961204    151109 
 18961205     66336 
 18961207    161333 
 18961208    100632 
 18961209     93956 
 18961210     82958 
 18961211     88517 
 18961212     40888 
 18961214    164928 
 18961215    145148 
 18961216    159421 
 18961217    143821 
 18961218    304582 
 18961219    144384 
 18961221    189182 
 18961222    126477 
 18961223     94556 
 18961224     47006 
 18961225     C     
 18961226     C     
 18961228     85948 
 18961229     95333 
 18961230     ?     
 18961231     ?     
 18970102     48407 
 18970104     87026 
 18970105     84095 
 18970106    117211 
 18970107    128970 
 18970108    100180 
 18970109     32403 
 18970111    109367 
 18970112     91254 
 18970113     85672 
 18970114     70774 
 18970115    174209 
 18970116    155776 
 18970118    258137 
 18970119    157912 
 18970120    121010 
 18970121    112440 
 18970122    125634 
 18970123     72322 
 18970125    101578 
 18970126     71684 
 18970127     85129 
 18970128     71749 
 18970129    105962 
 18970130    100345 
 18970201    173757 
 18970202    103698 
 18970203     85453 
 18970204     88590 
 18970205     88562 
 18970206     34180 
 18970208     94010 
 18970209     74938 
 18970210     73089 
 18970211     72218 
 18970212     C     
 18970213     76066 
 18970215    134216 
 18970216    106005 
 18970217    102848 
 18970218     88157 
 18970219     88366 
 18970220     26038 
 18970222     C     
 18970223     64443 
 18970224     79612 
 18970225     67817 
 18970226    107505 
 18970227     67474 
 18970301    136878 
 18970302    115507 
 18970303    174842 
 18970304    172039 
 18970305    120179 
 18970306     62549 
 18970308    127718 
 18970309    114969 
 18970310     70623 
 18970311     88753 
 18970312    126215 
 18970313     93282 
 18970315    192834 
 18970316    174676 
 18970317    164244 
 18970318    195104 
 18970319    156403 
 18970320     90552 
 18970322    136835 
 18970323    181115 
 18970324    287186 
 18970325    175787 
 18970326    160645 
 18970327     98712 
 18970329    272861 
 18970330    189362 
 18970331    215926 
 18970401    193975 
 18970402    169361 
 18970403     66630 
 18970405    129026 
 18970406     85249 
 18970407     69395 
 18970408    112927 
 18970409    137520 
 18970410     70958 
 18970412    124141 
 18970413    176418 
 18970414    169838 
 18970415    120921 
 18970416    123312 
 18970417     67919 
 18970419    223146 
 18970420    182241 
 18970421    148034 
 18970422    101816 
 18970423     77393 
 18970424     35448 
 18970426    111433 
 18970427     98125 
 18970428     C     
 18970429     77855 
 18970430     80526 
 18970501     26803 
 18970503     79600 
 18970504    150353 
 18970505    109741 
 18970506    139476 
 18970507    128433 
 18970508     58000 
 18970510    117088 
 18970511    147928 
 18970512     99050 
 18970513    113767 
 18970514    103450 
 18970515     62065 
 18970517    117278 
 18970518    119095 
 18970519    151951 
 18970520    143423 
 18970521    103695 
 18970522     48860 
 18970524    152033 
 18970525    170722 
 18970526    162120 
 18970527    120187 
 18970528    109923 
 18970529    106126 
 18970531     C     
 18970601    224808 
 18970602    225481 
 18970603    157581 
 18970604    181235 
 18970605    130970 
 18970607    208353 
 18970608    153189 
 18970609    203536 
 18970610    285978 
 18970611    248118 
 18970612     81257 
 18970614    215080 
 18970615    202919 
 18970616    164035 
 18970617    213775 
 18970618    191359 
 18970619     57253 
 18970621    154580 
 18970622    172973 
 18970623    223775 
 18970624    182895 
 18970625    248204 
 18970626    132906 
 18970628    326337 
 18970629    340779 
 18970630    232282 
 18970701    212207 
 18970702    137709 
 18970703     88404 
 18970705     C     
 18970706    125889 
 18970707    139629 
 18970708    145656 
 18970709    115902 
 18970710     40707 
 18970712     95018 
 18970713    207047 
 18970714    216042 
 18970715    200166 
 18970716    120096 
 18970717     94718 
 18970719    318204 
 18970720    258661 
 18970721    223729 
 18970722    357807 
 18970723    310237 
 18970724    193453 
 18970726    376472 
 18970727    328752 
 18970728    354967 
 18970729    389741 
 18970730    250756 
 18970731    146997 
 18970802    322838 
 18970803    425398 
 18970804    464734 
 18970805    523050 
 18970806    479338 
 18970807    293001 
 18970809    679084 
 18970810    479739 
 18970811    589433 
 18970812    652538 
 18970813    498788 
 18970814    247682 
 18970816    349889 
 18970817    408753 
 18970818    297812 
 18970819    287362 
 18970820    356645 
 18970821    144966 
 18970823    394794 
 18970824    376612 
 18970825    248455 
 18970826    191674 
 18970827    333113 
 18970828    223826 
 18970830    435324 
 18970831    448061 
 18970901    458519 
 18970902    553532 
 18970903    606739 
 18970904    270858 
 18970906     C     
 18970907    546594 
 18970908    456004 
 18970909    545865 
 18970910    587579 
 18970911    208153 
 18970913    510204 
 18970914    455808 
 18970915    565248 
 18970916    571032 
 18970917    545576 
 18970918    219163 
 18970920    475102 
 18970921    773207 
 18970922    517623 
 18970923    460974 
 18970924    416200 
 18970925    206995 
 18970927    334678 
 18970928    351908 
 18970929    426301 
 18970930    359685 
 18971001    473263 
 18971002    195216 
 18971004    397790 
 18971005    298817 
 18971006    293664 
 18971007    267363 
 18971008    228714 
 18971009    150360 
 18971011    344049 
 18971012    453697 
 18971013    474943 
 18971014    346742 
 18971015    361317 
 18971016    110998 
 18971018    175390 
 18971019    242947 
 18971020    359694 
 18971021    242714 
 18971022    212572 
 18971023     72236 
 18971025    332131 
 18971026    213700 
 18971027    220333 
 18971028    218082 
 18971029    151049 
 18971030     80082 
 18971101    133016 
 18971102     C     
 18971103    239605 
 18971104    254913 
 18971105    489388 
 18971106    152601 
 18971108    328986 
 18971109    263741 
 18971110    310562 
 18971111    210384 
 18971112    156504 
 18971113     78749 
 18971115    109484 
 18971116    131373 
 18971117     88717 
 18971118     89041 
 18971119    133376 
 18971120     39957 
 18971122    143776 
 18971123    128569 
 18971124    130371 
 18971125     C     
 18971126    141984 
 18971127    115378 
 18971129    211995 
 18971130    152294 
 18971201    306225 
 18971202    382149 
 18971203    346138 
 18971204     67826 
 18971206    232371 
 18971207    293050 
 18971208    296718 
 18971209    297662 
 18971210    294088 
 18971211     88658 
 18971213    280340 
 18971214    235885 
 18971215    377187 
 18971216    269662 
 18971217    270052 
 18971218    122388 
 18971220    218995 
 18971221    126685 
 18971222    147724 
 18971223    170888 
 18971224    205044 
 18971225     C     
 18971227    213075 
 18971228    221996 
 18971229    164344 
 18971230    114923 
 18971231     97937 
 18980103    158844 
 18980104    163143 
 18980105    189700 
 18980106    320422 
 18980107    384482 
 18980108    197919 
 18980110    294071 
 18980111    310976 
 18980112    393116 
 18980113    377374 
 18980114    376785 
 18980115    212659 
 18980117    285338 
 18980118    264025 
 18980119    241194 
 18980120    242053 
 18980121    227399 
 18980122    111179 
 18980124    338798 
 18980125    305885 
 18980126    480922 
 18980127    465602 
 18980128    429555 
 18980129    189916 
 18980131    513549 
 18980201    385630 
 18980202    327537 
 18980203    252726 
 18980204    261158 
 18980205    192003 
 18980207    317470 
 18980208    324253 
 18980209    286240 
 18980210    335235 
 18980211    315452 
 18980213     C     
 18980214    311219 
 18980215    265732 
 18980216    423377 
 18980217    308576 
 18980218    217561 
 18980219    176036 
 18980221    402031 
 18980222     C     
 18980223    360906 
 18980224    561276 
 18980225    343620 
 18980226    125191 
 18980228    274525 
 18980301    304773 
 18980302    266819 
 18980303    174849 
 18980304    190136 
 18980305    149898 
 18980307    432756 
 18980308    250455 
 18980309    172554 
 18980310    226817 
 18980311    311213 
 18980312    243995 
 18980314    341895 
 18980315    347546 
 18980316    303806 
 18980317    221526 
 18980318    214971 
 18980319     81236 
 18980321    141417 
 18980322    189028 
 18980323    203203 
 18980324    232782 
 18980325    232103 
 18980326    174368 
 18980328    647259 
 18980329    295839 
 18980330    457794 
 18980331    352953 
 18980401    380592 
 18980402    185270 
 18980404    241251 
 18980405    179628 
 18980406    245370 
 18980407    161204 
 18980408    100642 
 18980409     75834 
 18980411    177858 
 18980412    158327 
 18980413    253765 
 18980414    196182 
 18980415    176078 
 18980416    120960 
 18980418    112946 
 18980419    162139 
 18980420    206365 
 18980421    244647 
 18980422    204769 
 18980423     93494 
 18980425    118201 
 18980426     89150 
 18980427     68123 
 18980428    124433 
 18980429    184536 
 18980430    107508 
 18980502    499115 
 18980503    291179 
 18980504     C     
 18980505    405353 
 18980506    448607 
 18980507    293892 
 18980509    577137 
 18980510    354671 
 18980511    541426 
 18980512    406777 
 18980513    305802 
 18980514    126149 
 18980516    266891 
 18980517    375558 
 18980518    287954 
 18980519    213664 
 18980520    197861 
 18980521     83374 
 18980523    233510 
 18980524    353585 
 18980525    314325 
 18980526    219696 
 18980527    296877 
 18980528    114451 
 18980530     C     
 18980531    464579 
 18980601    433022 
 18980602    409037 
 18980603    482431 
 18980604    220736 
 18980606    439734 
 18980607    332173 
 18980608    340336 
 18980609    306525 
 18980610    445770 
 18980611    195503 
 18980613    377363 
 18980614    333570 
 18980615    268955 
 18980616    279752 
 18980617    233919 
 18980618    114632 
 18980620    210307 
 18980621    123658 
 18980622    163159 
 18980623    208334 
 18980624     C     
 18980625     96513 
 18980627    195527 
 18980628    190586 
 18980629    133018 
 18980630    160079 
 18980701     82415 
 18980702     C     
 18980704     C     
 18980705    239168 
 18980706    117115 
 18980707    146263 
 18980708    200387 
 18980709    112748 
 18980711    262166 
 18980712    206552 
 18980713    237323 
 18980714    191184 
 18980715    177492 
 18980716     68635 
 18980718    107291 
 18980719     79047 
 18980720     96929 
 18980721     85440 
 18980722     97212 
 18980723     72451 
 18980725    129970 
 18980726    239133 
 18980727    216276 
 18980728    151798 
 18980729    119011 
 18980730     41150 
 18980801    135807 
 18980802    218200 
 18980803    254464 
 18980804    257104 
 18980805    308108 
 18980806    205535 
 18980808    422513 
 18980809    290405 
 18980810    361903 
 18980811    467259 
 18980812    320002 
 18980813    145259 
 18980815    466714 
 18980816    600434 
 18980817    746037 
 18980818    527705 
 18980819    385863 
 18980820     C     
 18980822    540039 
 18980823    433167 
 18980824    454867 
 18980825    396747 
 18980826    561591 
 18980827    219066 
 18980829    429752 
 18980830    368967 
 18980831    317840 
 18980901    331433 
 18980902    270313 
 18980903     C     
 18980905     C     
 18980906    289721 
 18980907    265858 
 18980908    450537 
 18980909    462046 
 18980910    180617 
 18980912    319137 
 18980913    275353 
 18980914    339435 
 18980915    372064 
 18980916    354698 
 18980917    152217 
 18980919    220062 
 18980920    307748 
 18980921    237652 
 18980922    218637 
 18980923    218343 
 18980924    148024 
 18980926    278280 
 18980927    373578 
 18980928    337077 
 18980929    313573 
 18980930    266759 
 18981001    161242 
 18981003    330661 
 18981004    347278 
 18981005    231646 
 18981006    256819 
 18981007    189753 
 18981008     81086 
 18981010    193851 
 18981011    185052 
 18981012    277445 
 18981013    223558 
 18981014    166324 
 18981015     89570 
 18981017    177695 
 18981018    104177 
 18981019     95158 
 18981020    132533 
 18981021    154342 
 18981022    117683 
 18981024    328037 
 18981025    306138 
 18981026    227750 
 18981027    256970 
 18981028    262256 
 18981029    160513 
 18981031    240717 
 18981101    217236 
 18981102    156497 
 18981103    107318 
 18981104    136574 
 18981105     87426 
 18981107    201739 
 18981108     C     
 18981109    345780 
 18981110    569275 
 18981111    588388 
 18981112    243159 
 18981114    501893 
 18981115    495483 
 18981116    460948 
 18981117    583941 
 18981118    452822 
 18981119    206267 
 18981121    504606 
 18981122    449721 
 18981123    406986 
 18981124     C     
 18981125    392588 
 18981126    198082 
 18981128    441844 
 18981129    435526 
 18981130    348074 
 18981201    319200 
 18981202    341970 
 18981203    141354 
 18981205    304998 
 18981206    268163 
 18981207    246935 
 18981208    321290 
 18981209    366796 
 18981210    319323 
 18981212    755112 
 18981213    767098 
 18981214    684020 
 18981215    601166 
 18981216    565039 
 18981217    240961 
 18981219    515265 
 18981220    456446 
 18981221    697455 
 18981222    737649 
 18981223    608557 
 18981224     C     
 18981226     C     
 18981227    623356 
 18981228    558781 
 18981229    540025 
 18981230    645250 
 18990102     C     
 18990103    579319 
 18990104    533797 
 18990105    714468 
 18990106    541468 
 18990107    354782 
 18990109    890471 
 18990110    842310 
 18990111    763061 
 18990112    900899 
 18990113    789044 
 18990114    585873 
 18990116    888057 
 18990117    610266 
 18990118    662072 
 18990119    842823 
 18990120   1054154 
 18990121    692365 
 18990123   1457643 
 18990124   1248033 
 18990125   1003848 
 18990126   1342992 
 18990127    923711 
 18990128    478380 
 18990130    929575 
 18990131    665332 
 18990201    755908 
 18990202    630937 
 18990203    768668 
 18990204    366523 
 18990206    624395 
 18990207    597348 
 18990208    717983 
 18990209    480116 
 18990210    385015 
 18990211     C     
 18990213     C     
 18990214    293281 
 18990215    528344 
 18990216    761920 
 18990217    798299 
 18990218    609740 
 18990220    987011 
 18990221    743222 
 18990222     C     
 18990223    791587 
 18990224    646124 
 18990225    414115 
 18990227    572066 
 18990228    634307 
 18990301    522578 
 18990302    521172 
 18990303    517874 
 18990304    320794 
 18990306    462670 
 18990307    329911 
 18990308    484190 
 18990309    395977 
 18990310    345188 
 18990311    175352 
 18990313    379454 
 18990314    342059 
 18990315    336652 
 18990316    510720 
 18990317    460955 
 18990318    191305 
 18990320    495811 
 18990321    296804 
 18990322    351017 
 18990323    521295 
 18990324    445719 
 18990325    346969 
 18990327    859682 
 18990328    723686 
 18990329    732845 
 18990330    677069 
 18990331     C     
 18990401    546512 
 18990403   1019591 
 18990404    711333 
 18990405    577118 
 18990406    612200 
 18990407    865625 
 18990408    267084 
 18990410    414702 
 18990411    475423 
 18990412    491820 
 18990413    518716 
 18990414    360579 
 18990415    298067 
 18990417    487900 
 18990418    509147 
 18990419    443848 
 18990420    360228 
 18990421    357715 
 18990422    199096 
 18990424    307678 
 18990425    327879 
 18990426    382268 
 18990427    307594 
 18990428    238456 
 18990429    113270 
 18990501    477431 
 18990502    363149 
 18990503    295733 
 18990504    342490 
 18990505    285077 
 18990506    284503 
 18990508    605191 
 18990509    620428 
 18990510    615634 
 18990511    353788 
 18990512    318168 
 18990513    460297 
 18990515    333735 
 18990516    279217 
 18990517    433286 
 18990518    490445 
 18990519    270328 
 18990520     92345 
 18990522    223283 
 18990523    194191 
 18990524    229233 
 18990525    268118 
 18990526    210201 
 18990527    126000 
 18990529     C     
 18990530     C     
 18990531    439916 
 18990601    394373 
 18990602    327508 
 18990603    170540 
 18990605    196367 
 18990606    294407 
 18990607    198418 
 18990608    375682 
 18990609    395120 
 18990610    192045 
 18990612    340143 
 18990613    318157 
 18990614    223391 
 18990615    205124 
 18990616    205355 
 18990617     68891 
 18990619    184095 
 18990620    203471 
 18990621    167033 
 18990622    211897 
 18990623    138233 
 18990624    118630 
 18990626    286811 
 18990627    363134 
 18990628    435233 
 18990629    320958 
 18990630    278181 
 18990701    189247 
 18990703     C     
 18990704     C     
 18990705    398166 
 18990706    345561 
 18990707    415283 
 18990708    230069 
 18990710    313976 
 18990711    408481 
 18990712    425191 
 18990713    272162 
 18990714    243569 
 18990715     81821 
 18990717    207627 
 18990718    143127 
 18990719    157296 
 18990720    156204 
 18990721    216008 
 18990722     81855 
 18990724    125569 
 18990725    152916 
 18990726    195276 
 18990727    175176 
 18990728    309831 
 18990729    169497 
 18990731    423202 
 18990801    426166 
 18990802    334798 
 18990803    279971 
 18990804    348729 
 18990805    119079 
 18990807    256381 
 18990808    205286 
 18990809    225023 
 18990810    270996 
 18990811    192474 
 18990812    124372 
 18990814    315101 
 18990815    354343 
 18990816    348423 
 18990817    413343 
 18990818    509898 
 18990819    251149 
 18990821    522803 
 18990822    400518 
 18990823    559735 
 18990824    514416 
 18990825    338574 
 18990826    156393 
 18990828    384579 
 18990829    404524 
 18990830    273081 
 18990831    327615 
 18990901    316231 
 18990902     81713 
 18990904     C     
 18990905    302924 
 18990906    439566 
 18990907    308773 
 18990908    303086 
 18990909    168183 
 18990911    448325 
 18990912    476832 
 18990913    340757 
 18990914    317144 
 18990915    374503 
 18990916    232882 
 18990918    720008 
 18990919    494732 
 18990920    510130 
 18990921    409720 
 18990922    421384 
 18990923    150008 
 18990925    243431 
 18990926    310264 
 18990927    203206 
 18990928    120339 
 18991002    227777 
 18991003    261003 
 18991004    164151 
 18991005    193241 
 18991006    230777 
 18991007    115866 
 18991009    214298 
 18991010    293623 
 18991011    174026 
 18991012    218028 
 18991013    217210 
 18991014    103091 
 18991016    203323 
 18991017    254029 
 18991018    244794 
 18991019    272146 
 18991020    286020 
 18991021    101659 
 18991023    367736 
 18991024    334574 
 18991025    410346 
 18991026    399312 
 18991027    345260 
 18991028    177915 
 18991030    495541 
 18991031    359240 
 18991101    264504 
 18991102    587872 
 18991103    361743 
 18991104    153838 
 18991106    303515 
 18991107     C     
 18991108    449861 
 18991109    474583 
 18991110    500884 
 18991111    234768 
 18991113    481938 
 18991114    352798 
 18991115    362544 
 18991116    519658 
 18991117    444973 
 18991118    247262 
 18991120    362077 
 18991121    297043 
 18991122    297160 
 18991123    326841 
 18991124    559735 
 18991125     C     
 18991127    500281 
 18991128    380129 
 18991129    295991 
 18991130     C     
 18991201    313563 
 18991202    160162 
 18991204    483386 
 18991205    324320 
 18991206    375038 
 18991207    306050 
 18991208    477461 
 18991209    329102 
 18991211    671758 
 18991212    415015 
 18991213    636496 
 18991214    721152 
 18991215    372953 
 18991216    359286 
 18991218   1171477 
 18991219    680084 
 18991220    571149 
 18991221    450835 
 18991222    557316 
 18991223    242207 
 18991225     C     
 18991226    285810 
 18991227    438488 
 18991228    405667 
 18991229    383150 
 18991230    217027 