     DATE           Volume
     19600104       3987860 
     19600105       3712080 
     19600106       3729630 
     19600107       3310986 
     19600108       3286530 
     19600111       3466305 
     19600112       3764396 
     19600113       3467780 
     19600114       3560265 
     19600115       3421950 
     19600118       3019020 
     19600119       3096460 
     19600120       2716590 
     19600121       2697190 
     19600122       2689830 
     19600125       2792510 
     19600126       3062360 
     19600127       2462820 
     19600128       2626800 
     19600129       3061000 
     19600201       2824559 
     19600202       3077050 
     19600203       3021620 
     19600204       2617190 
     19600205       2534790 
     19600208       3348370 
     19600209       2859070 
     19600210       2441110 
     19600211       2605940 
     19600212       2229470 
     19600215       2772220 
     19600216       3277760 
     19600217       4208420 
     19600218       3798430 
     19600219       3233520 
     19600223       2959890 
     19600224       2744425 
     19600225       3601430 
     19600226       3383900 
     19600229       2994190 
     19600301       2915010 
     19600302       3111790 
     19600303       3160360 
     19600304       4058345 
     19600307       2901770 
     19600308       3385499 
     19600309       3575785 
     19600310       3347600 
     19600311       2769410 
     19600314       2535530 
     19600315       2686100 
     19600316       2964470 
     19600317       2143220 
     19600318       2618980 
     19600321       2494880 
     19600322       2497540 
     19600323       3020820 
     19600324       2943550 
     19600325       2637134 
     19600328       2485670 
     19600329       2317540 
     19600330       2446940 
     19600331       2697280 
     19600401       2260120 
     19600404       2450580 
     19600405       2842220 
     19600406       3451530 
     19600407       3072490 
     19600408       2821250 
     19600411       2515060 
     19600412       2471240 
     19600413       2734380 
     19600414       2730320 
     19600418       3197140 
     19600419       3082720 
     19600420       3147810 
     19600421       2689687 
     19600422       2851780 
     19600425       2982050 
     19600426       2942550 
     19600427       3018170 
     19600428       3187790 
     19600429       2842400 
     19600502       2939445 
     19600503       2914380 
     19600504       2869760 
     19600505       2667440 
     19600506       2564480 
     19600509       2669190 
     19600510       2882460 
     19600511       2900760 
     19600512       3215580 
     19600513       3752980 
     19600516       3534700 
     19600517       4075550 
     19600518       5243120 
     19600519       3704280 
     19600520       3167710 
     19600523       2532400 
     19600524       3235055 
     19600525       3451920 
     19600526       3717460 
     19600527       3039130 
     19600531       3749030 
     19600601       3776180 
     19600602       3727870 
     19600603       3338290 
     19600606       3217950 
     19600607       3719940 
     19600608       3807090 
     19600609       3820670 
     19600610       2940060 
     19600613       3186440 
     19600614       2431750 
     19600615       3630470 
     19600616       3529440 
     19600617       3923000 
     19600620       3973020 
     19600621       3862590 
     19600622       3602060 
     19600623       3622530 
     19600624       3219330 
     19600627       2968690 
     19600628       3124290 
     19600629       3169945 
     19600630       2941260 
     19600701       2616279 
     19600705       2781800 
     19600706       2966290 
     19600707       3054900 
     19600708       3013440 
     19600711       2923010 
     19600712       2864940 
     19600713       2587611 
     19600714       2477010 
     19600715       2143965 
     19600718       2352050 
     19600719       2491350 
     19600720       2367890 
     19600721       2507690 
     19600722       2858500 
     19600725       2840370 
     19600726       2717680 
     19600727       2555130 
     19600728       3024910 
     19600729       2725650 
     19600801       2435930 
     19600802       2094120 
     19600803       2465650 
     19600804       2841700 
     19600805       3006400 
     19600808       2960040 
     19600809       2703030 
     19600810       2805090 
     19600811       3071560 
     19600812       3160220 
     19600815       2449743 
     19600816       2709430 
     19600817       3085050 
     19600818       2892530 
     19600819       2565850 
     19600822       2759570 
     19600823       3562870 
     19600824       3513240 
     19600825       2680160 
     19600826       2782420 
     19600829       2782270 
     19600830       2890760 
     19600831       3132300 
     19600901       3462970 
     19600902       2683940 
     19600905 Closed        
     19600906       2577370 
     19600907       2854450 
     19600908       2672230 
     19600909       2748150 
     19600912       2164400 
     19600913       2172650 
     19600914       2527120 
     19600915       2865850 
     19600916       2341720 
     19600919       3786390 
     19600920       3658830 
     19600921       2934980 
     19600922       1973710 
     19600923       2576420 
     19600926       3932020 
     19600927       3173560 
     19600928       3519875 
     19600929       2852210 
     19600930       3375145 
     19601003       2218490 
     19601004       2271870 
     19601005       2654220 
     19601006       2526370 
     19601007       2537870 
     19601010       2034660 
     19601011       2350990 
     19601012       1894490 
     19601013       2218640 
     19601014       2467830 
     19601017       2280310 
     19601018       2218210 
     19601019       2410670 
     19601020       2928760 
     19601021       3094480 
     19601024       4427180 
     19601025       3025650 
     19601026       3018180 
     19601027       2901220 
     19601028       2490710 
     19601031       2459840 
     19601101       2600770 
     19601102       2777970 
     19601103       2575240 
     19601104       3048677 
     19601107       3543180 
     19601109       3439683 
     19601110       4025920 
     19601111       2734075 
     19601114       2655620 
     19601115       2987024 
     19601116       3106840 
     19601117       2460260 
     19601118       2759100 
     19601121       3091680 
     19601122       3434660 
     19601123       2995555 
     19601125       3188030 
     19601128       3864120 
     19601129       3634080 
     19601130       3079800 
     19601201       3092540 
     19601202       3138410 
     19601205       3288420 
     19601206       3363420 
     19601207       3660795 
     19601208       3544650 
     19601209       4457500 
     19601212       3024890 
     19601213       3501580 
     19601214       3879455 
     19601215       3662690 
     19601216       3777870 
     19601219       3625700 
     19601220       3336095 
     19601221       4063811 
     19601222       3823015 
     19601223       3576660 
     19601226 Closed        
     19601227       3273790 
     19601228       3623519 
     19601229       4336910 
     19601230       5302865 
     19610102 Closed        
     19610103       2765440 
     19610104       3844224 
     19610105       4133340 
     19610106       3619670 
     19610109       4209780 
     19610110       4860930 
     19610111       4366450 
     19610112       4274370 
     19610113       4515650 
     19610116       4507590 
     19610117       3833370 
     19610118       4388840 
     19610119       4738480 
     19610120       3266190 
     19610123       4454830 
     19610124       4338454 
     19610125       4474045 
     19610126       4113865 
     19610127       4518670 
     19610130       5193227 
     19610131       4690670 
     19610201       4387845 
     19610202       4918960 
     19610203       5206470 
     19610206       3885270 
     19610207       4023700 
     19610208       4935060 
     19610209       5593370 
     19610210       4834820 
     19610213       3558180 
     19610214       4487580 
     19610215       5255950 
     19610216       5070360 
     19610217       4649885 
     19610220       4675220 
     19610221       5074330 
     19610222 Closed        
     19610223       5618350 
     19610224       5328710 
     19610227       5465580 
     19610228       5834356 
     19610301       4971000 
     19610302       5301080 
     19610303       5530890 
     19610306       5619650 
     19610307       5536150 
     19610308       5912130 
     19610309       6005630 
     19610310       5952560 
     19610313       5081220 
     19610314       4902100 
     19610315       4900211 
     19610316       5620190 
     19610317       5957770 
     19610320       5776135 
     19610321       5809020 
     19610322       5836940 
     19610323       5173840 
     19610324       4388100 
     19610327       4188560 
     19610328       4626980 
     19610329       5330010 
     19610330       5614720 
     19610403       6470140 
     19610404       7076890 
     19610405       5429580 
     19610406       4912290 
     19610407       5098600 
     19610410       5548860 
     19610411       5235290 
     19610412       4868340 
     19610413       4774310 
     19610414       5243670 
     19610417       5860510 
     19610418       4827910 
     19610419       4871540 
     19610420       4816480 
     19610421       4340520 
     19610424       4590400 
     19610425       4670370 
     19610426       4980550 
     19610427       4450970 
     19610428       3708680 
     19610501       3706790 
     19610502       4110940 
     19610503       4936310 
     19610504       5330360 
     19610505       4981400 
     19610508       5182786 
     19610509       5383070 
     19610510       5447010 
     19610511       5170190 
     19610512       4843330 
     19610515       4840760 
     19610516       5113690 
     19610517       5515040 
     19610518       4609140 
     19610519       4195800 
     19610522       4066440 
     19610523       3656520 
     19610524       3965830 
     19610525       3762100 
     19610526       3784450 
     19610531       4348180 
     19610601       3781190 
     19610602       3667480 
     19610605       4152950 
     19610606       4252600 
     19610607       3990730 
     19610608       3805610 
     19610609       3519660 
     19610612       3256680 
     19610613       3033450 
     19610614       3425190 
     19610615       3221828 
     19610616       3383190 
     19610619       3975340 
     19610620       3284720 
     19610621       3212450 
     19610622       2882870 
     19610623       2721180 
     19610626       2690640 
     19610627       3087950 
     19610628       2831270 
     19610629       2564020 
     19610630       2380330 
     19610703       2184000 
     19610704 Closed        
     19610705       3278090 
     19610706       3468240 
     19610707       3034370 
     19610710       3181640 
     19610711       3158100 
     19610712       3072930 
     19610713       2674930 
     19610714       2757100 
     19610717       2697220 
     19610718       3006550 
     19610719       2965350 
     19610720       2526690 
     19610721       2356530 
     19610724       2489240 
     19610725       3019430 
     19610726       4065425 
     19610727       4173425 
     19610728       3612840 
     19610731       3174890 
     19610801       3985280 
     19610802       4296710 
     19610803       3662980 
     19610804       3712850 
     19610807       3567100 
     19610808       4048890 
     19610809       3712400 
     19610810       3572620 
     19610811       3262370 
     19610814       3116810 
     19610815       3317560 
     19610816       3427280 
     19610817       4131170 
     19610818       4031270 
     19610821       3883980 
     19610822       3641740 
     19610823       3557584 
     19610824       3088710 
     19610825       3049700 
     19610828       3151725 
     19610829       3158894 
     19610830       3226251 
     19610831       2922810 
     19610901       2704010 
     19610905       3013900 
     19610906       3444910 
     19610907       3898900 
     19610908       3428017 
     19610911       2787820 
     19610912       2940980 
     19610913       3114250 
     19610914       2921610 
     19610915       3132640 
     19610918       3552160 
     19610919       3259290 
     19610920       2700090 
     19610921       3335760 
     19610922       3067910 
     19610925       3736171 
     19610926       3316860 
     19610927       3441990 
     19610928       2998533 
     19610929       3062870 
     19611002       2795930 
     19611003       2680330 
     19611004       3380890 
     19611005       3915012 
     19611006       3468630 
     19611009       2918450 
     19611010       3434500 
     19611011       3668240 
     19611012       3058930 
     19611013       3092550 
     19611016       2841190 
     19611017       3114870 
     19611018       3522920 
     19611019       3854960 
     19611020       3467820 
     19611023       3440960 
     19611024       3427510 
     19611025       3589278 
     19611026       3332110 
     19611027       3201100 
     19611030       3430860 
     19611031       3353930 
     19611101       3206990 
     19611102       3889370 
     19611103       4068080 
     19611106       4340470 
     19611108       6089240 
     19611109       4677270 
     19611110       4175620 
     19611113       4544990 
     19611114       4748910 
     19611115       4673710 
     19611116       3976020 
     19611117       3956620 
     19611120       4186000 
     19611121       4893958 
     19611122       4501130 
     19611124       4015220 
     19611127       4707580 
     19611128       4362780 
     19611129       4546940 
     19611130       4233510 
     19611201       4432660 
     19611204       4557500 
     19611205       4341405 
     19611206       4202790 
     19611207       3895485 
     19611208       4013670 
     19611211       4360870 
     19611212       4675605 
     19611213       4894600 
     19611214       4352750 
     19611215       3706610 
     19611218       3805470 
     19611219       3444080 
     19611220       3639110 
     19611221       3437110 
     19611222       3390300 
     19611226       3179920 
     19611227       4173500 
     19611228       4530090 
     19611229       5369010 
     19620102       3124530 
     19620103       3588670 
     19620104       4449720 
     19620105       4633890 
     19620108       4618030 
     19620109       3598410 
     19620110       3302450 
     19620111       3390720 
     19620112       3725120 
     19620115       3454370 
     19620116       3646742 
     19620117       3773170 
     19620118       3455540 
     19620119       3795580 
     19620122       3807350 
     19620123       3352410 
     19620124       3760200 
     19620125       3567350 
     19620126       3332330 
     19620129       3049550 
     19620130       3517920 
     19620131       3939380 
     19620201       4259130 
     19620202       3952150 
     19620205       3885215 
     19620206       3652510 
     19620207       4139810 
     19620208       3811300 
     19620209       3365020 
     19620212       2625260 
     19620213       3396520 
     19620214       3633790 
     19620215       3468490 
     19620216       3699400 
     19620219       3354640 
     19620220       3297390 
     19620221       3314465 
     19620223       3233270 
     19620226       2907290 
     19620227       3105035 
     19620228       3031308 
     19620301       2960800 
     19620302       2976970 
     19620305       3019547 
     19620306       2872420 
     19620307       2890700 
     19620308       3210530 
     19620309       3330600 
     19620312       3280890 
     19620313       3199580 
     19620314       3674610 
     19620315       3251330 
     19620316       3059050 
     19620319       3221480 
     19620320       3058890 
     19620321       3356700 
     19620322       3142610 
     19620323       3051350 
     19620326       3066450 
     19620327       3093400 
     19620328       2938370 
     19620329       2873420 
     19620330       2952550 
     19620402       2788180 
     19620403       3347060 
     19620404       3292630 
     19620405       3132930 
     19620406       2725990 
     19620409       3017280 
     19620410       2876610 
     19620411       3242170 
     19620412       3321968 
     19620413       3466280 
     19620416       3068530 
     19620417       2939080 
     19620418       3349950 
     19620419       3101560 
     19620423       3237964 
     19620424       3049760 
     19620425       3344290 
     19620426       3650940 
     19620427       4141700 
     19620430       4160870 
     19620501       5101060 
     19620502       3777600 
     19620503       3319110 
     19620504       3012070 
     19620507       2528760 
     19620508       2980380 
     19620509       3671110 
     19620510       4726410 
     19620511       4512980 
     19620514       5994000 
     19620515       4777490 
     19620516       3358470 
     19620517       2951310 
     19620518       2485500 
     19620521       2259110 
     19620522       3641560 
     19620523       5453950 
     19620524       5252380 
     19620525       6381850 
     19620528       9349110 
     19620529      14746200 
     19620531      10706970 
     19620601       5760950 
     19620604       5385600 
     19620605       6144400 
     19620606       4187880 
     19620607       2761580 
     19620608       2562170 
     19620611       2866775 
     19620612       4694830 
     19620613       5845200 
     19620614       6235170 
     19620615       7128710 
     19620618       4578000 
     19620619       2677690 
     19620620       3359620 
     19620621       4561590 
     19620622       5635250 
     19620625       7094490 
     19620626       4629190 
     19620628       5435860 
     19620629       4720760 
     19620702       3446360 
     19620703       3915660 
     19620705       3348540 
     19620706       3109630 
     19620709       2963360 
     19620710       7117820 
     19620711       4246090 
     19620712       5365920 
     19620713       3380210 
     19620716       3131830 
     19620717       3507490 
     19620718       3618490 
     19620719       3090090 
     19620720       2614590 
     19620723       2765700 
     19620724       2559950 
     19620725       2914331 
     19620726       2782640 
     19620727       2892040 
     19620730       3203455 
     19620731       4187500 
     19620801       3104650 
     19620802       3407940 
     19620803       2987050 
     19620806       3137780 
     19620807       2968187 
     19620808       3083860 
     19620809       2666470 
     19620810       2473105 
     19620813       2673890 
     19620814       3638710 
     19620815       4876370 
     19620816       4191930 
     19620817       3427540 
     19620820       4586160 
     19620821       3727980 
     19620822       4517842 
     19620823       4768120 
     19620824       2893750 
     19620827       3152320 
     19620828       3183120 
     19620829       2899910 
     19620830       2258350 
     19620831       2833960 
     19620904       2977663 
     19620905       3049935 
     19620906       3178410 
     19620907       2889560 
     19620910       2518230 
     19620911       3042530 
     19620912       3096360 
     19620913       3100845 
     19620914       2876090 
     19620917       3333800 
     19620918       3687520 
     19620919       2947010 
     19620920       3349340 
     19620921       4279400 
     19620924       4999370 
     19620925       3618930 
     19620926       3550190 
     19620927       3536260 
     19620928       2859620 
     19621001       3090420 
     19621002       2997650 
     19621003       2611340 
     19621004       2526360 
     19621005       2730910 
     19621008       1946200 
     19621009       2357050 
     19621010       3038728 
     19621011       2461110 
     19621012       2019670 
     19621015       2640080 
     19621016       2858770 
     19621017       3244680 
     19621018       3284190 
     19621019       4654670 
     19621022       5694315 
     19621023       6111440 
     19621024       6724730 
     19621025       3946935 
     19621026       2584840 
     19621029       4280825 
     19621030       3831930 
     19621031       3086250 
     19621101       3401860 
     19621102       5472090 
     19621105       4335610 
     19621107       4576730 
     19621108       4161565 
     19621109       4339640 
     19621112       5088390 
     19621113       4550685 
     19621114       5088910 
     19621115       5054470 
     19621116       4005500 
     19621119       3412520 
     19621120       4293910 
     19621121       5101560 
     19621123       5663790 
     19621126       5654530 
     19621127       5495630 
     19621128       5977240 
     19621129       5811050 
     19621130       4571460 
     19621203       3807090 
     19621204       5234210 
     19621205       6360680 
     19621206       4595760 
     19621207       3903860 
     19621210       4268300 
     19621211       3704300 
     19621212       3757430 
     19621213       3376650 
     19621214       3278020 
     19621217       3586329 
     19621218       3621883 
     19621219       4001367 
     19621220       4219593 
     19621221       3471580 
     19621224       3181300 
     19621226       3369650 
     19621227       3665607 
     19621228       4143073 
     19621231       5415671 
     19630102       2543720 
     19630103       4574928 
     19630104       5400167 
     19630107       4438750 
     19630108       5412611 
     19630109       5106562 
     19630110       4519420 
     19630111       4418810 
     19630114       4999170 
     19630115       4544320 
     19630116       4257210 
     19630117       5229690 
     19630118       4775370 
     19630121       4090915 
     19630122       4814690 
     19630123       4818190 
     19630124       4808310 
     19630125       4781373 
     19630128       4715972 
     19630129       4358980 
     19630130       3737580 
     19630131       4267800 
     19630201       4283280 
     19630204       3676150 
     19630205       4059160 
     19630206       4339590 
     19630207       4242900 
     19630208       3892740 
     19630211       3883610 
     19630212       3706410 
     19630213       4964930 
     19630214       5638800 
     19630215       4414740 
     19630218       4699640 
     19630219       4134230 
     19630220       4123820 
     19630221       3988265 
     19630225       3677970 
     19630226       3672500 
     19630227       3692320 
     19630228       4094590 
     19630301       3920420 
     19630304       3654430 
     19630305       3283870 
     19630306       3100315 
     19630307       3348505 
     19630308       3357800 
     19630311       3181380 
     19630312       3346260 
     19630313       4119707 
     19630314       3543320 
     19630318       3248710 
     19630319       3177410 
     19630320       3694360 
     19630321       3222490 
     19630322       3823190 
     19630325       3700300 
     19630326       4095100 
     19630327       4272420 
     19630328       3894460 
     19630329       3387060 
     19630401       3980710 
     19630402       4437670 
     19630403       4655720 
     19630404       5296294 
     19630405       5240710 
     19630408       5955310 
     19630409       5092060 
     19630410       5878114 
     19630411       5249620 
     19630415       5932070 
     19630415       3412790 
     19630416       5616450 
     19630417       5223120 
     19630418       4770010 
     19630419       4662670 
     19630422       5176730 
     19630423       5225504 
     19630424       5905092 
     19630425       5069670 
     19630426       4485890 
     19630429       3984310 
     19630430       4684150 
     19630501       5056100 
     19630502       4485271 
     19630503       4757260 
     19630506       4089360 
     19630507       4141160 
     19630508       5176640 
     19630509       5615860 
     19630510       5258128 
     19630513       4923430 
     19630514       4748910 
     19630515       5656530 
     19630516       5640510 
     19630517       4406380 
     19630520       4711060 
     19630521       5572790 
     19630522       5546125 
     19630523       4395059 
     19630524       4376355 
     19630527       3762913 
     19630528       3870720 
     19630529       4315757 
     19630531       4683980 
     19630603       5403460 
     19630604       5979015 
     19630605       5846780 
     19630606       4975930 
     19630607       5107570 
     19630610       4673830 
     19630611       4393830 
     19630612       5234310 
     19630613       4691878 
     19630614       3837870 
     19630617       3506030 
     19630618       3908310 
     19630619       3969740 
     19630620       4972370 
     19630621       4189400 
     19630624       3703203 
     19630625       4102001 
     19630626       4495690 
     19630627       4541140 
     19630628       3023390 
     19630701       3362860 
     19630702       3533550 
     19630703       4027160 
     19630705       2911090 
     19630708       3285475 
     19630709       3826070 
     19630710       3727160 
     19630711       4101110 
     19630712       3657000 
     19630715       3286450 
     19630716       2996867 
     19630717       3936840 
     19630718       3710640 
     19630719       3340690 
     19630722       3700925 
     19630723       3503017 
     19630724       2812170 
     19630725       3705150 
     19630726       2513460 
     19630729       2842890 
     19630730       3544340 
     19630731       3957990 
     19630801       3411460 
     19630802       2930570 
     19630805       3368160 
     19630806       3764370 
     19630807       3790870 
     19630808       3457640 
     19630809       4049810 
     19630812       4763610 
     19630813       4451190 
     19630814       4415720 
     19630815       4985970 
     19630816       4129390 
     19630819       3650210 
     19630820       3656980 
     19630821       3821930 
     19630822       4538950 
     19630823       4878715 
     19630826       4699580 
     19630827       4017480 
     19630828       5137970 
     19630829       5108880 
     19630903       5568560 
     19630904       6070209 
     19630905       5705180 
     19630906       7161711 
     19630909       5027780 
     19630910       5312725 
     19630911       6668615 
     19630912       5555150 
     19630913       5229170 
     19630916       4737170 
     19630917       4960120 
     19630918       5066280 
     19630919       4079480 
     19630920       5309980 
     19630923       5131050 
     19630924       5518460 
     19630925       6344440 
     19630926       5100490 
     19630927       4348540 
     19630930       3731550 
     19630930       4564360 
     19631001       4337807 
     19631002       3786690 
     19631003       4511830 
     19631004       5128560 
     19631007       4049270 
     19631008       4921020 
     19631009       5521080 
     19631010       4464050 
     19631011       4743640 
     19631014       4267250 
     19631015       4550220 
     19631016       5569290 
     19631017       6795190 
     19631018       5830760 
     19631021       5443980 
     19631022       6408570 
     19631023       5832460 
     19631024       6283210 
     19631025       6386830 
     19631028       7130550 
     19631029       6094980 
     19631030       5168300 
     19631031       5031430 
     19631101       5237450 
     19631104       5399660 
     19631106       5598140 
     19631107       4322940 
     19631108       4565930 
     19631111       3964460 
     19631112       4610680 
     19631113       4714683 
     19631114       4612823 
     19631115       4791560 
     19631118       4726550 
     19631119       4429980 
     19631120       5329270 
     19631121       5683820 
     19631122       6631700 
     19631126       9323960 
     19631127       5215260 
     19631129       4812970 
     19631202       4782520 
     19631203       4521990 
     19631204       4790100 
     19631205       5188190 
     19631206       4829810 
     19631209       4426260 
     19631210       4549120 
     19631211       4399720 
     19631212       4216520 
     19631213       4289750 
     19631216       4281401 
     19631217       5213170 
     19631218       5999716 
     19631219       4405490 
     19631220       4596761 
     19631223       4539346 
     19631224       3971643 
     19631226       3696975 
     19631227       4364721 
     19631230       4932258 
     19631231       6730300 
     19640102       4675850 
     19640103       5552170 
     19640106       5483430 
     19640107       5702216 
     19640108       5383080 
     19640109       5180626 
     19640110       5257360 
     19640113       5444970 
     19640114       6497719 
     19640115       6752850 
     19640116       6195348 
     19640117       5600580 
     19640120       5571615 
     19640121       4802930 
     19640122       5429960 
     19640123       5384508 
     19640124       5076929 
     19640127       5239088 
     19640128       4722150 
     19640129       4455300 
     19640130       4230200 
     19640131       3996095 
     19640203       4141409 
     19640204       4327670 
     19640205       4014880 
     19640206       4113597 
     19640207       4713090 
     19640210       4153380 
     19640211       4041080 
     19640212       4645440 
     19640213       4815613 
     19640214       4359010 
     19640217       4782320 
     19640218       4657600 
     19640219       4278030 
     19640220       4693310 
     19640224       5641470 
     19640225       5006370 
     19640226       5348220 
     19640227       5427250 
     19640228       4983330 
     19640302       5685876 
     19640303       5577750 
     19640304       5244570 
     19640305       4680680 
     19640306       4791076 
     19640309       5508880 
     19640310       5495890 
     19640311       6175020 
     19640312       5290000 
     19640313       5665790 
     19640316       5139910 
     19640317       5482470 
     19640318       5880630 
     19640319       5679130 
     19640320       5024658 
     19640323       4941589 
     19640324       5207490 
     19640325       5422780 
     19640326       5762205 
     19640330       6057630 
     19640331       5274330 
     19640401       5513540 
     19640402       6851440 
     19640403       5992370 
     19640406       5850050 
     19640407       5895240 
     19640408       5380270 
     19640409       5304390 
     19640410       4986140 
     19640413       5332086 
     19640414       5124215 
     19640415       5274950 
     19640416       5242370 
     19640417       6028981 
     19640420       5563700 
     19640421       5753740 
     19640422       5401380 
     19640423       6684790 
     19640424       5609770 
     19640427       5068440 
     19640428       4791090 
     19640429       6201460 
     19640430       5694570 
     19640501       5991200 
     19640504       5356470 
     19640505       5340540 
     19640506       5547840 
     19640507       5603740 
     19640508       4913720 
     19640511       4490520 
     19640512       5203710 
     19640513       5889300 
     19640514       4723100 
     19640515       5068000 
     19640518       4592300 
     19640519       4362677 
     19640520       4791920 
     19640521       5352960 
     19640522       4637370 
     19640525       3994820 
     19640526       4292430 
     19640527       4451800 
     19640528       4557360 
     19640601       4300560 
     19640602       4176580 
     19640603       3993830 
     19640604       4879910 
     19640605       4237520 
     19640608       4009740 
     19640609       4466010 
     19640610       4171150 
     19640611       3641560 
     19640612       3840070 
     19640615       4112230 
     19640616       4590900 
     19640617       5339170 
     19640618       4733720 
     19640619       4048040 
     19640622       4541399 
     19640623       4059860 
     19640624       4844100 
     19640625       5010950 
     19640626       4446710 
     19640629       4381450 
     19640630       4359190 
     19640701       5320755 
     19640702       5226930 
     19640706       5080691 
     19640707       5239650 
     19640708       4764060 
     19640709       5036030 
     19640710       5421260 
     19640713       4803260 
     19640714       4765250 
     19640715       4606540 
     19640716       4639320 
     19640717       4640210 
     19640720       4392730 
     19640721       4565010 
     19640722       4567220 
     19640723       4556930 
     19640724       4207860 
     19640727       4088850 
     19640728       3863430 
     19640729       4045050 
     19640730       4536790 
     19640731       4221340 
     19640803       3783745 
     19640804       4778220 
     19640805       6166015 
     19640806       3942640 
     19640807       3192910 
     19640810       3050870 
     19640811       3447500 
     19640812       4142465 
     19640813       4602390 
     19640814       4075700 
     19640817       3783200 
     19640818       4182520 
     19640819       4163678 
     19640820       3843945 
     19640821       3624740 
     19640824       3790720 
     19640825       3771780 
     19640826       3302100 
     19640827       3561940 
     19640828       3757250 
     19640831       3340880 
     19640901       4649830 
     19640902       4804941 
     19640903       4311873 
     19640904       4202630 
     19640908       4095299 
     19640909       5686700 
     19640910       5467865 
     19640911       5636900 
     19640914       5370010 
     19640915       5687180 
     19640916       4232920 
     19640917       6381420 
     19640918       6163910 
     19640921       5308380 
     19640922       5245320 
     19640923       5919585 
     19640924       5843540 
     19640925       6167600 
     19640928       4813550 
     19640929       5075270 
     19640930       4720645 
     19641001       4466020 
     19641002       4374260 
     19641005       4845250 
     19641006       4824940 
     19641007       5093920 
     19641008       5057580 
     19641009       5286180 
     19641012       4109390 
     19641013       5397180 
     19641014       4515810 
     19641015       6499840 
     19641016       5144770 
     19641019       5014310 
     19641020       5141620 
     19641021       5170450 
     19641022       4699005 
     19641023       3830160 
     19641026       5232730 
     19641027       4468570 
     19641028       4888020 
     19641029       4394780 
     19641030       4124980 
     19641102       4431780 
     19641104       4721060 
     19641105       4382150 
     19641106       4813780 
     19641109       4558720 
     19641110       5016500 
     19641111       3788310 
     19641112       5254102 
     19641113       4862449 
     19641116       4869571 
     19641117       5919699 
     19641118       6560638 
     19641119       5566485 
     19641120       5205787 
     19641123       4860781 
     19641124       5074524 
     19641125       4796023 
     19641127       4072528 
     19641130       4885442 
     19641201       4941270 
     19641202       4931240 
     19641203       4244200 
     19641204       4337480 
     19641207       4767200 
     19641208       4994840 
     19641209       5114310 
     19641210       4788340 
     19641211       4534420 
     19641214       4335940 
     19641215       5340865 
     19641216       4614650 
     19641217       4854740 
     19641218       4630580 
     19641221       4469700 
     19641222       4524406 
     19641223       4486330 
     19641224       3604355 
     19641228       3988120 
     19641229       4445160 
     19641230       5614905 
     19641231       6474730 
     19650104       3930520 
     19650105       4107270 
     19650106       4847102 
     19650107       5076290 
     19650108       5336530 
     19650111       5447230 
     19650112       5398425 
     19650113       6160680 
     19650114       5813020 
     19650115       5335310 
     19650118       5550750 
     19650119       5554430 
     19650120       5547380 
     19650121       4779060 
     19650122       5434060 
     19650125       5374870 
     19650126       5759290 
     19650127       6007450 
     19650128       6732780 
     19650129       6941800 
     19650201       5685740 
     19650202       5463949 
     19650203       6140030 
     19650204       6232094 
     19650205       5685630 
     19650208       6006290 
     19650209       5691590 
     19650210       7218370 
     19650211       5802340 
     19650212       4955620 
     19650215       5761750 
     19650216       5000410 
     19650217       5513400 
     19650218       6056840 
     19650219       5557421 
     19650223       5878975 
     19650224       7155790 
     19650225       6680674 
     19650226       5802000 
     19650301       5780970 
     19650302       5728220 
     19650303       6601020 
     19650304       7302028 
     19650305       6119852 
     19650308       5251740 
     19650309       5210750 
     19650310       5096350 
     19650311       5767930 
     19650312       6374210 
     19650315       5997010 
     19650316       5481020 
     19650317       5116130 
     19650318       4987650 
     19650319       5043410 
     19650322       4920820 
     19650323       4823560 
     19650324       5420950 
     19650325       5459720 
     19650326       5020080 
     19650329       4591380 
     19650330       4268850 
     19650331       4466960 
     19650401       4892170 
     19650402       5058320 
     19650405       4911820 
     19650406       4613190 
     19650407       4425940 
     19650408       5766560 
     19650409       6579900 
     19650412       6037220 
     19650413       6691880 
     19650414       6586920 
     19650415       5834010 
     19650419       5705350 
     19650420       6481130 
     19650421       5587160 
     19650422       5990160 
     19650423       5858940 
     19650426       5414890 
     19650427       6322080 
     19650428       5679370 
     19650429       5509070 
     19650430       5190480 
     19650503       5335910 
     19650504       5724610 
     19650505       6350300 
     19650506       6335120 
     19650507       5816250 
     19650510       5604360 
     19650511       5151300 
     19650512       6302809 
     19650513       6459370 
     19650514       5868220 
     19650517       4984720 
     19650518       5134160 
     19650519       5863590 
     19650520       5749490 
     19650521       4659110 
     19650524       4786320 
     19650525       4945160 
     19650526       5327750 
     19650527       5534950 
     19650528       4274240 
     19650601       4830095 
     19650602       6786420 
     19650603       5722500 
     19650604       4528800 
     19650607       4682290 
     19650608       4660970 
     19650609       7073440 
     19650610       7472000 
     19650611       5347240 
     19650614       5922250 
     19650615       8469760 
     19650616       6286680 
     19650617       5223170 
     19650618       4326610 
     19650621       3280460 
     19650622        337030 
     19650623       3585710 
     19650624       5848430 
     19650625       5797820 
     19650628       7657200 
     19650629      10503320 
     19650630       6930070 
     19650701       4522390 
     19650702       4261020 
     19650706       3408700 
     19650707       3028230 
     19650708       4382180 
     19650709       4803820 
     19650712       3697580 
     19650713       3265860 
     19650714       4109720 
     19650715       4426700 
     19650716       3526120 
     19650719       3155730 
     19650720       4673800 
     19650721       4358340 
     19650722       3327430 
     19650723       3602790 
     19650726       3779080 
     19650727       4200890 
     19650728       4762390 
     19650729       4688290 
     19650730       5203240 
     19650802       4225440 
     19650803       4641820 
     19650804       4833400 
     19650805       4924740 
     19650806       4207000 
     19650809       4543950 
     19650810       4697140 
     19650811       5033800 
     19650812       5168430 
     19650813       5434500 
     19650816       5273940 
     19650817       4522590 
     19650818       5853930 
     19650819       5000540 
     19650820       4171840 
     19650823       4472050 
     19650824       4749730 
     19650825       6241500 
     19650826       6020360 
     19650827       5573260 
     19650830       4400860 
     19650831       5183250 
     19650901       5899940 
     19650902       6473330 
     19650903       6018820 
     19650907       5754950 
     19650908       6251160 
     19650909       7370920 
     19650910       6651540 
     19650913       7030860 
     19650914       7841860 
     19650915       6226290 
     19650916       7417800 
     19650917       6620030 
     19650920       7053570 
     19650921       7756090 
     19650922       8301030 
     19650923      10002060 
     19650924       7815550 
     19650927       6828310 
     19650928       8856790 
     19650929      10609367 
     19650930       8683815 
     19651001       7479132 
     19651004       5585080 
     19651005       6985688 
     19651006       6016186 
     19651007       6677970 
     19651008       7674740 
     19651011       9611630 
     19651012       9481140 
     19651013       9480290 
     19651014       8585380 
     19651015       7484929 
     19651018       8181670 
     19651019       8623880 
     19651020       8200350 
     19651021       9170660 
     19651022       8961540 
     19651025       7085640 
     19651026       6757450 
     19651027       7674840 
     19651028       7234740 
     19651029       7246550 
     19651101       6341360 
     19651103       7524130 
     19651104       8382420 
     19651105       7314290 
     19651108       7008820 
     19651109       6684770 
     19651110       4868370 
     19651111       5440240 
     19651112       7784480 
     19651115       8315910 
     19651116       8382040 
     19651117       9122860 
     19651118       7044120 
     19651119       6851980 
     19651122       6375520 
     19651123       7153940 
     19651124       7867360 
     19651126       6976840 
     19651129       8760440 
     19651130       8990240 
     19651201      10146780 
     19651202       9078160 
     19651203       8161260 
     19651206      11433520 
     19651207       9344820 
     19651208      10127760 
     19651209       9153810 
     19651210       8743370 
     19651213       8669710 
     19651214       9928340 
     19651215       9567690 
     19651216       9961920 
     19651217       9500000 
     19651220       7360800 
     19651221       8235090 
     19651222       9728390 
     19651223       6878640 
     19651227       5956430 
     19651228       7282710 
     19651229       7614920 
     19651230       7065820 
     19651231       7244140 
     19660103       5959730 
     19660104       7549640 
     19660105       9661960 
     19660106       7886420 
     19660107       7654040 
     19660110       7726700 
     19660111       8910600 
     19660112       8535900 
     19660113       8866460 
     19660114       9192720 
     19660117       9436730 
     19660118       9797110 
     19660119      10237400 
     19660120       8671330 
     19660121       9183910 
     19660124       8785360 
     19660125       9135210 
     19660126       9915960 
     19660127       8977110 
     19660128       9003470 
     19660131       7809320 
     19660201       9093160 
     19660202       8139650 
     19660203       8167740 
     19660204       7567570 
     19660207       8455300 
     19660208      10563390 
     19660209       9762160 
     19660210       9796170 
     19660211       8159870 
     19660214       8360790 
     19660215       8751860 
     19660216       9189050 
     19660217       9279950 
     19660218       8483270 
     19660221       8521660 
     19660223       8084680 
     19660224       7868110 
     19660225       8149070 
     19660228       9921830 
     19660301      11046530 
     19660302      10479570 
     19660303       9910130 
     19660304       9009170 
     19660307       9376730 
     19660308      10127230 
     19660309       7982410 
     19660310      10322190 
     19660311       7016900 
     19660314       7406550 
     19660315       9453000 
     19660316       7330460 
     19660317       5461050 
     19660318       6457930 
     19660321       7235610 
     19660322       8919110 
     19660323       6722230 
     19660324       7877980 
     19660325       7754630 
     19660328       8645720 
     19660329       8305310 
     19660330       7988260 
     19660331       6695500 
     19660401       9056750 
     19660404       9370400 
     19660405      10563000 
     19660406       9045210 
     19660407       9651010 
     19660411       9320320 
     19660412      10453590 
     19660413      10444070 
     19660414      12985485 
     19660415      10276730 
     19660418       9156470 
     19660419       8827180 
     19660420      10523480 
     19660421       9562640 
     19660422       8654070 
     19660425       7277070 
     19660426       7539820 
     19660427       7952299 
     19660428       8319910 
     19660429       7224550 
     19660502       7074650 
     19660503       8026960 
     19660504       9742360 
     19660505      10111250 
     19660506      13120530 
     19660509       9301330 
     19660510       9051850 
     19660511       7477640 
     19660512       8220690 
     19660513       9004180 
     19660516       9264320 
     19660517       9872020 
     19660518       9321600 
     19660519       8642365 
     19660520       6439490 
     19660523       7084490 
     19660524       7217282 
     19660525       5828840 
     19660526       6088810 
     19660527       4796790 
     19660531       5770397 
     19660601       5298810 
     19660602       5081175 
     19660603       4435920 
     19660606       4268420 
     19660607       5049270 
     19660608       4584745 
     19660609       5814820 
     19660610       8329595 
     19660613       7602505 
     19660614       7574237 
     19660615       8528705 
     19660616       6879200 
     19660617       6591170 
     19660620       5944200 
     19660621       6866674 
     19660622       7810040 
     19660623       7937960 
     19660624       7140730 
     19660627       5341570 
     19660628       6285940 
     19660629       6029490 
     19660630       7251770 
     19660701       5230480 
     19660705       4613616 
     19660706       6867740 
     19660707       7207950 
     19660708       6104720 
     19660711       6203500 
     19660712       5180670 
     19660713       5585370 
     19660714       5951192 
     19660715       6094038 
     19660718       5119444 
     19660719       5965280 
     19660720       5473166 
     19660721       6207440 
     19660722       6550390 
     19660725       7058680 
     19660726       7614880 
     19660727       6077180 
     19660728       5686430 
     19660729       5151990 
     19660801       5885090 
     19660802       5710350 
     19660803       6221870 
     19660804       6908020 
     19660805       5502860 
     19660808       4901910 
     19660809       6246700 
     19660810       5300680 
     19660811       5675570 
     19660812       6238760 
     19660815       5686890 
     19660816       6131790 
     19660817       6631980 
     19660818       6986940 
     19660819       7076560 
     19660822       8692440 
     19660823       9833915 
     19660824       7051620 
     19660825       6761560 
     19660826       8193340 
     19660829      10906750 
     19660830      11232870 
     19660831       8694090 
     19660901       6251700 
     19660902       6081700 
     19660906       4359840 
     19660907       5534590 
     19660908       6663930 
     19660909       5285600 
     19660912       6782730 
     19660913       6879590 
     19660914       6252515 
     19660915       6149734 
     19660916       5156230 
     19660919       4928651 
     19660920       4564207 
     19660921       5363990 
     19660922       5767990 
     19660923       4563390 
     19660926       4973930 
     19660927       6313390 
     19660928       5996190 
     19660929       6116290 
     19660930       6176640 
     19661003       6498020 
     19661004       8920220 
     19661005       5886770 
     19661006       8110660 
     19661007       8143660 
     19661010       9635059 
     19661011       8441150 
     19661012       6917210 
     19661013       8684890 
     19661014       5611680 
     19661017       5581000 
     19661018       7189210 
     19661019       6464607 
     19661020       6844180 
     19661021       5693560 
     19661024       5783860 
     19661025       6240930 
     19661026       6763520 
     19661027       6677820 
     19661028       6429240 
     19661031       5866160 
     19661101       6482770 
     19661102       6745570 
     19661103       5867620 
     19661104       6539600 
     19661107       6126410 
     19661109       8393230 
     19661110       8895780 
     19661111       6697360 
     19661114       6545390 
     19661115       7194900 
     19661116      10358580 
     19661117       8909710 
     19661118       6906740 
     19661121       7460820 
     19661122       6437370 
     19661123       7359380 
     19661125       6813680 
     19661128       7639110 
     19661129       7326750 
     19661130       7238430 
     19661201       8485370 
     19661202       6240080 
     19661205       6478570 
     19661206       7670450 
     19661207       8985650 
     19661208       8373830 
     19661209       7651900 
     19661212       9530250 
     19661213       9838740 
     19661214       7534820 
     19661215       7226060 
     19661216       6987620 
     19661219       7347570 
     19661220       6834700 
     19661221       7698906 
     19661222       8564550 
     19661223       7405290 
     19661227       6285800 
     19661228       7168330 
     19661229       7906400 
     19661230      11332580 
     19670103       6108290 
     19670104       6154690 
     19670105       7323100 
     19670106       7838680 
     19670109       9181280 
     19670110       8124715 
     19670111      13242870 
     19670112      12832380 
     19670113      10010180 
     19670116      10288270 
     19670117      11604350 
     19670118      11395380 
     19670119      10236682 
     19670120       9532300 
     19670123      10832410 
     19670124      10431894 
     19670125      10304920 
     19670126      10639690 
     19670127       9699180 
     19670130      10250540 
     19670131      11548790 
     19670201       9588968 
     19670202      10724160 
     19670203      12019890 
     19670206      10687570 
     19670207       6409310 
     19670208      11226590 
     19670209      10975250 
     19670210       8856600 
     19670213       7573590 
     19670214       9762310 
     19670215      10486411 
     19670216       8511531 
     19670217       8534699 
     19670220       8645060 
     19670221       9039350 
     19670223      10017590 
     19670224       9831290 
     19670227      10211590 
     19670228       9974745 
     19670301      11512950 
     19670302      11916965 
     19670303      11110630 
     19670306      10409960 
     19670307       9820965 
     19670308      11075670 
     19670309      10492870 
     19670310      14902360 
     19670313       9917220 
     19670314      10262680 
     19670315      10838281 
     19670316      12172597 
     19670317      10032370 
     19670320       9040633 
     19670321       9828836 
     19670322       8821767 
     19670323       9507030 
     19670327       9260940 
     19670328       8945650 
     19670329       8430420 
     19670330       8347110 
     19670331       8136170 
     19670403       8540740 
     19670404       8753430 
     19670405       8817660 
     19670406       9477430 
     19670407       9072706 
     19670410       8145946 
     19670411       7714310 
     19670412       7753450 
     19670413       7619450 
     19670414       8815250 
     19670417       9069270 
     19670418      10501990 
     19670419      10867870 
     19670420       9691200 
     19670421      10220951 
     19670424      10278190 
     19670425      10423000 
     19670426      10567100 
     19670427      10252750 
     19670428      11207090 
     19670501       9410630 
     19670502      10263950 
     19670503      11559610 
     19670504      12858380 
     19670505      10637820 
     19670508      10332660 
     19670509      10831150 
     19670510      10413330 
     19670511      10326432 
     19670512      10479070 
     19670515       8326800 
     19670516      10701950 
     19670517       9565880 
     19670518      10270280 
     19670519      10569230 
     19670522       9614360 
     19670523       9814140 
     19670524      10297540 
     19670525       8964243 
     19670526       7820375 
     19670529       6591720 
     19670531       8870440 
     19670601       9042530 
     19670602       8064020 
     19670605      11115760 
     19670606       9230550 
     19670607      10172220 
     19670608       8301980 
     19670609       9659270 
     19670612      10229100 
     19670613      11576310 
     19670614      10964752 
     19670615      11248590 
     19670616      10742680 
     19670619       8574300 
     19670620      10350960 
     19670621       9765160 
     19670622       9550780 
     19670623       9129080 
     19670626       9042370 
     19670627       8784326 
     19670628       9305380 
     19670629       9936850 
     19670630       7860950 
     19670703       5997780 
     19670705       9125800 
     19670706      10146280 
     19670707      11542050 
     19670710      12135870 
     19670711      12402920 
     19670712      11222710 
     19670713      10734715 
     19670714      10890500 
     19670717      10395400 
     19670718      12064030 
     19670719      12853990 
     19670720      11162500 
     19670721      11718850 
     19670724       9584760 
     19670725       9898374 
     19670726      11169510 
     19670727      12401140 
     19670728      10905210 
     19670731      10337590 
     19670801      12291180 
     19670802      13513080 
     19670803      13456210 
     19670804      11130950 
     19670807      10124350 
     19670808       8975560 
     19670809      10104580 
     19670810       9050050 
     19670811       8259652 
     19670814       7989350 
     19670815       8716050 
     19670816       8226360 
     19670817       8793820 
     19670818       8258324 
     19670821       8605010 
     19670822       7941500 
     19670823       8743690 
     19670824       7741510 
     19670825       7253540 
     19670828       6279380 
     19670829       6357060 
     19670830       7200960 
     19670831       8843610 
     19670901       7460870 
     19670905       8327940 
     19670906       9558500 
     19670907       8880140 
     19670908       9308270 
     19670911       9176770 
     19670912       9942120 
     19670913      12404510 
     19670914      12222980 
     19670915      10270420 
     19670918      11623250 
     19670919      11543278 
     19670920      10991550 
     19670921      11286690 
     19670922      11169570 
     19670925      10916440 
     19670926      10943746 
     19670927       8802930 
     19670928      10476470 
     19670929       9719330 
     19671002       9244640 
     19671003      10332400 
     19671004      11526726 
     19671005       8496000 
     19671006       9839270 
     19671009      11175953 
     19671010      12003830 
     19671011      11232840 
     19671012       7772050 
     19671013       9043640 
     19671016       9065335 
     19671017      10296560 
     19671018      10505490 
     19671019      11626920 
     19671020       9514650 
     19671023       9690914 
     19671024      11120370 
     19671025      10307410 
     19671026       9929540 
     19671027       9887608 
     19671030      10257860 
     19671031      12028700 
     19671101      10940875 
     19671102      10765290 
     19671103       8810380 
     19671106      10334704 
     19671108      12630951 
     19671109       8898710 
     19671110       9967970 
     19671113      10138240 
     19671114      10352560 
     19671115      10004110 
     19671116      10578870 
     19671117      10059390 
     19671120      12755830 
     19671121      12307750 
     19671122      12188070 
     19671124       9471520 
     19671127      10046750 
     19671128      11043820 
     19671129      11400850 
     19671130       8867810 
     19671201       9747110 
     19671204      11750150 
     19671205      12941610 
     19671206      11949430 
     19671207      12494140 
     19671208      10702910 
     19671211      10504736 
     19671212      10854890 
     19671213      12488110 
     19671214      12297230 
     19671215      11533970 
     19671218      10328140 
     19671219      10614800 
     19671220      11395210 
     19671221      11014740 
     19671222       9579280 
     19671226       9144220 
     19671227      12694088 
     19671228      12540339 
     19671229      14953824 
     19680102      11081341 
     19680103      12657027 
     19680104      13443951 
     19680105      11883200 
     19680108      14269990 
     19680109      13706220 
     19680110      11669960 
     19680111      13224370 
     19680112      13078220 
     19680115      12647560 
     19680116      12343670 
     19680117      12912190 
     19680118      13839690 
     19680119      11950820 
     19680122      10639360 
     19680123      11039741 
     19680124      10576420 
     19680125      12389890 
     19680126       9986260 
     19680129       9951110 
     19680130      10120608 
     19680131       9427780 
     19680201      10597480 
     19680202      10128560 
     19680205       8981320 
     19680206       8567470 
     19680207       8377530 
     19680208       9661150 
     19680209      11852340 
     19680213      10835590 
     19680214      11383240 
     19680215       9781780 
     19680216       9081350 
     19680219       7277775 
     19680220       8783370 
     19680221       9172810 
     19680223       8813234 
     19680226       7818990 
     19680227       7601820 
     19680228       8028280 
     19680229       7706100 
     19680301       8614950 
     19680304      10598700 
     19680305      11441992 
     19680306       9906290 
     19680307       8632320 
     19680308       7412710 
     19680311       9524630 
     19680312       9252580 
     19680313       8997090 
     19680314      11646320 
     19680315      11215280 
     19680318      10783460 
     19680319       7412520 
     19680320       7391790 
     19680321       8581410 
     19680322       9902790 
     19680325       6706780 
     19680326       8677980 
     19680327       9014410 
     19680328       8003440 
     19680329       9010287 
     19680401      17730960 
     19680402      14526230 
     19680403      19294640 
     19680404      14348550 
     19680405      12575240 
     19680408      13016580 
     19680410      20413340 
     19680411      14231420 
     19680415      14225345 
     19680416      15683640 
     19680417      14093510 
     19680418      15894203 
     19680419      14567290 
     19680422      11725275 
     19680423      14104910 
     19680424      14820440 
     19680425      14441631 
     19680426      13484350 
     19680429      12014720 
     19680430      14382393 
     19680501      14448550 
     19680502      14241480 
     19680503      17988750 
     19680506      12166420 
     19680507      13926340 
     19680508      13121460 
     19680509      12891150 
     19680510      11689350 
     19680513      11848950 
     19680514      13160860 
     19680515      13181560 
     19680516      13032860 
     19680517      11837710 
     19680520      11190650 
     19680521      13169080 
     19680522      14204030 
     19680523      12886100 
     19680524      13308190 
     19680527      12726260 
     19680528      13850490 
     19680529      14104420 
     19680531      13098940 
     19680603      14972440 
     19680604      18037420 
     19680605      15594530 
     19680606      16138490 
     19680607      17320120 
     19680610      14643940 
     19680611      15698010 
     19680613      21350832 
     19680614      14688490 
     19680617      12576895 
     19680618      13635340 
     19680620      16303910 
     19680621      13450540 
     19680624      12325710 
     19680625      13216220 
     19680627      15372480 
     19680628      12041520 
     19680701      11278151 
     19680702      13352330 
     19680703      14391720 
     19680708      16853470 
     19680709      16539950 
     19680711      20294960 
     19680712      14815470 
     19680715      13400930 
     19680716      13384580 
     19680718      17444553 
     19680719      14629452 
     19680722      13529249 
     19680723      13578798 
     19680725      16135735 
     19680726      11699450 
     19680729      10942930 
     19680730      10254120 
     19680801      14378900 
     19680802       9866500 
     19680805       8854220 
     19680806       9625250 
     19680808      12926700 
     19680809       8402650 
     19680812      10432000 
     19680813      12729320 
     19680815      12716750 
     19680816       9941720 
     19680819       9910110 
     19680820      10644260 
     19680822      15148100 
     19680823       9891990 
     19680826       9743460 
     19680827       9710610 
     19680829      10948010 
     19680830       8192463 
     19680903       8624450 
     19680904      10049659 
     19680905      12987860 
     19680906      13190150 
     19680909      11892230 
     19680910      11434890 
     19680912      14639360 
     19680913      13078550 
     19680916      13269220 
     19680917      13929330 
     19680919      17914100 
     19680920      14198480 
     19680923      11539940 
     19680924      15215810 
     19680926      18950400 
     19680927      13859370 
     19680930      13619260 
     19681001      15565220 
     19681003      21118260 
     19681004      15352520 
     19681007      12422470 
     19681008      14004940 
     19681010      17006272 
     19681011      12655770 
     19681014      11978150 
     19681015      13419380 
     19681017      21068985 
     19681018      15131220 
     19681021      14390910 
     19681022      13674110 
     19681024      18309420 
     19681025      14159060 
     19681028      11742370 
     19681029      12343460 
     19681031      17675660 
     19681101      14480610 
     19681104      10932520 
     19681106      12648250 
     19681107      11667200 
     19681108      14256290 
     19681112      17256530 
     19681113      15668796 
     19681114      14904630 
     19681115      15045740 
     19681118      14422925 
     19681119      15125170 
     19681121      18306860 
     19681122      15430010 
     19681125      14488122 
     19681126      16363330 
     19681127      16554150 
     19681129      14399970 
     19681202      15385070 
     19681203      15462030 
     19681205      19357600 
     19681206      15332580 
     19681209      15806214 
     19681210      14506370 
     19681212      18163060 
     19681213      16716290 
     19681216      15957630 
     19681217      14707360 
     19681219      19631250 
     19681220      15909530 
     19681223      12973890 
     19681224      11545167 
     19681226       9692106 
     19681227      11201524 
     19681230      12087520 
     19681231      13137100 
     19690102       9803530 
     19690103      12757600 
     19690106      12726650 
     19690107      15742060 
     19690108      13840940 
     19690109      12106670 
     19690110      12696330 
     19690113      11162460 
     19690114      10692560 
     19690115      11811250 
     19690116      13123103 
     19690117      11595890 
     19690120      10955790 
     19690121      10917160 
     19690122      11484550 
     19690123      13136460 
     19690124      12527920 
     19690127      11026248 
     19690128      12068600 
     19690129      11472420 
     19690130      13013550 
     19690131      12026170 
     19690203      12516090 
     19690204      12556650 
     19690205      13755280 
     19690206      12552080 
     19690207      12785050 
     19690211      12326924 
     19690212      11534500 
     19690213      12011740 
     19690214      11463080 
     19690217      11671820 
     19690218      12499770 
     19690219      10395860 
     19690220      10987480 
     19690224      12737990 
     19690225      12325820 
     19690226       9537940 
     19690227       9673100 
     19690228       8997310 
     19690303       8265310 
     19690304       9322647 
     19690305      11375420 
     19690306       9673770 
     19690307      10836100 
     19690310       8929980 
     19690311       9877750 
     19690312       8734220 
     19690313      10035680 
     19690314       8633520 
     19690317       9152830 
     19690318      11212680 
     19690319       9749880 
     19690320      10264440 
     19690321       9830018 
     19690324       8117320 
     19690325       9826020 
     19690326      11029810 
     19690327      11894600 
     19690328      12437310 
     19690401      12362340 
     19690402      10114530 
     19690403      10306760 
     19690407       9432460 
     19690408       9365330 
     19690409      12529060 
     19690410      12205513 
     19690411      10654010 
     19690414       8987330 
     19690415       9612640 
     19690416       9684460 
     19690417       9363400 
     19690418      10854630 
     19690421      10013960 
     19690422      10257201 
     19690423      12225640 
     19690424      11340810 
     19690425      12485750 
     19690428      11128760 
     19690429      14742057 
     19690430      19353090 
     19690501      14381350 
     19690502      13074140 
     19690505      13308430 
     19690506      14687980 
     19690507      14035720 
     19690508      13043770 
     19690509      12536870 
     19690512      10557920 
     19690513      12914030 
     19690514      14358960 
     19690515      11931010 
     19690516      12282680 
     19690519       9795860 
     19690520      10287480 
     19690521      12107110 
     19690522      13714320 
     19690523      10909010 
     19690526       9040030 
     19690527      10581310 
     19690528      11337730 
     19690529      11775410 
     19690602       9187860 
     19690603      11192390 
     19690604      10845800 
     19690605      12354130 
     19690606      12528310 
     19690609      10667010 
     19690610      10664680 
     19690611      13644080 
     19690612      11797261 
     19690613      13079290 
     19690616      10396980 
     19690617      12227690 
     19690618      11295220 
     19690619      11164890 
     19690620      11371880 
     19690623      12910760 
     19690624      11464310 
     19690625      10495330 
     19690626      10314000 
     19690627       9018240 
     19690630       8641820 
     19690701       9890900 
     19690702      11349260 
     19690703      10118410 
     19690707       9972780 
     19690708       9325500 
     19690709       9311700 
     19690710      11458210 
     19690711      11738390 
     19690714       8298030 
     19690715      11114120 
     19690716      10463880 
     19690717      10452670 
     19690718       8597510 
     19690722       9788860 
     19690723      11687110 
     19690724       9756190 
     19690725       9808430 
     19690728      11802020 
     19690729      13635240 
     19690730      15580990 
     19690731      14162440 
     19690801      15081600 
     19690804      10704920 
     19690805       8941880 
     19690806      11105780 
     19690807       9457730 
     19690808       8769190 
     19690811       6683270 
     19690812       7870500 
     19690813       9918510 
     19690814       9692260 
     19690815      10220280 
     19690818       9420260 
     19690819      12645710 
     19690820       9681310 
     19690821       8425125 
     19690822      10130332 
     19690825       8415340 
     19690826       8918220 
     19690827       9105290 
     19690828       7733213 
     19690829       8852770 
     19690902       8570660 
     19690903       8767700 
     19690904       9386880 
     19690905       8889900 
     19690908       8318400 
     19690909      10982910 
     19690910      11493860 
     19690911      12376490 
     19690912      10800420 
     19690915      10682630 
     19690916      11163500 
     19690917      10987810 
     19690918      11172680 
     19690919      12278740 
     19690922       9283770 
     19690923      13032590 
     19690924      11316120 
     19690925      10683140 
     19690926       9683530 
     19690929      10161070 
     19690930       9185120 
     19691001       9090040 
     19691002      11410050 
     19691003      12420390 
     19691006       9181140 
     19691007      10053700 
     19691008      10375920 
     19691009      10425000 
     19691010      12214224 
     19691013      13623440 
     19691014      19950110 
     19691015      15744895 
     19691016      19498670 
     19691017      13744010 
     19691020      13541510 
     19691021      16466090 
     19691022      19331120 
     19691023      14786070 
     19691024      15434140 
     19691027      12162580 
     19691028      12409990 
     19691029      12389040 
     19691030      12825890 
     19691031      13098000 
     19691103      11140880 
     19691104      12345300 
     19691105      12111320 
     19691106      11125720 
     19691107      13290690 
     19691110      12489990 
     19691111      10085860 
     19691112      12485220 
     19691113      12092280 
     19691114      10579720 
     19691117      10127800 
     19691118      11013360 
     19691119      11248350 
     19691120      12020460 
     19691121       9836910 
     19691124      10941400 
     19691125      11569450 
     19691126      10631880 
     19691128       8558760 
     19691201       9959700 
     19691202       9950130 
     19691203      11301870 
     19691204      13236620 
     19691205      11158140 
     19691208       9991990 
     19691209      12298070 
     19691210      12599350 
     19691211      10429960 
     19691212      11634980 
     19691215      11105680 
     19691216      11887450 
     19691217      12846020 
     19691218      15943800 
     19691219      15419840 
     19691222      12683500 
     19691223      13889650 
     19691224      11669480 
     19691226       6757880 
     19691229      12509320 
     19691230      15796330 
     19691231      19381180 