   Date     Stock U.S Gov't   Domestic    Foreign        All
           Volume Bonds ($)  Bonds ($)  Bonds ($)  Bonds ($)
19200101    C
19200102   1156200
19200103    889750
19200105   1305300
19200106   1250500
19200107    770970
19200108    842600
19200109    735500
19200110    505600
19200112   1048574
19200113    908242
19200114   1237900
19200115   1055300
19200116   1161300
19200117    504200
19200119    791700
19200120    516200
19200121    471050
19200122    499947
19200123    533050
19200124    340700
19200126    677920
19200127    636400
19200128    688850
19200129    571220
19200130    529500
19200131    358100
19200202    488400
19200203   1119660
19200204   1812400
19200205   1315025
19200206   1588000
19200207    467550
19200209    770625
19200210   1080635
19200211   1418400
19200212    C
19200213   1335572
19200214    506750
19200216    768800
19200217    918600
19200218    919600
19200219    927200
19200220   1109100
19200221    473600
19200223    C
19200224   1233800
19200225   1264800
19200226   1007982
19200227   1884125
19200228    451600
19200301    720445
19200302    489250
19200303    528510
19200304    866166
19200305    876750
19200306    241300
19200308   1695100
19200309   1351200
19200310   1366400
19200311   1462400
19200312   1086520
19200313    504250
19200315   1090212
19200316   1264900
19200317   1052530
19200318   1964000
19200319   1448345
19200320    717160
19200322   1606100
19200323   1255700
19200324   1619400
19200325   1255336
19200326   1367027
19200327    736282
19200329    889319
19200330    703599
19200331    789592
19200401    607366
19200402    C
19200403    C
19200405    872827
19200406   1177149
19200407   1709713
19200408   1560062
19200409   1226461
19200410    520997
19200412   1184298
19200413   1065044
19200414   1278330
19200415   1325602
19200416   1024293
19200417    445523
19200419   1315894
19200420   1656903
19200421   2004636
19200422   1928952
19200423   1476063
19200424    461970
19200426   1003357
19200427   1276018
19200428   1307650
19200429   1095955
19200430    872256
19200501    C
19200503   1070929
19200504    846277
19200505    791357
19200506    888905
19200507    568490
19200508    447302
19200510    834050
19200511    799500
19200512    762388
19200513    756791
19200514    468295
19200515    272457
19200517    523330
19200518    351723
19200519   1284826
19200520   1283022
19200521    695038
19200522    342940
19200524    674527
19200525    770970
19200526    730366
19200527    588077
19200528    556321
19200529    285900
19200531    C
19200601    507360
19200602    435965
19200603    404373
19200604    356517
19200605    346999
19200607    416119
19200608    376850
19200609    321350
19200610    388793
19200611    544180
19200612    317500
19200614    491385
19200615    309908
19200616    325530
19200617    307432
19200618    540414
19200619    191812
19200621    460683
19200622    400596
19200623    325291
19200624    330841
19200625    279029
19200626    132035
19200628    265314
19200629    226548
19200630    320250
19200701    259260
19200702    476113
19200703    C
19200705    C
19200706    575190
19200707    838948
19200708    761476
19200709    927953
19200710    337945
19200712    775216
19200713    648212
19200714    498832
19200715    382770
19200716    566908
19200717    141714
19200719    316600
19200720    372710
19200721    295400
19200722    307400
19200723    487500
19200724    173000
19200726    630700
19200727   1068773
19200728    595250
19200729    561700
19200730    389400
19200731    170900
19200802    952522
19200803   1143751
19200804    766695
19200805   1092762
19200806    968000
19200807    239922
19200809    999254
19200810    495174
19200811    471486
19200812    421430
19200813    374931
19200814    125910
19200816    275621
19200817    439298
19200818    328700
19200819    310298
19200820    530663
19200821    212413
19200823    408984
19200824    629941
19200825    611347
19200826    434267
19200827    548900
19200828    165731
19200830    300868
19200831    538620
19200901    622298
19200902    723922
19200903    678721
19200904    C
19200906    C
19200907    604680
19200908    547432
19200909    432645
19200910    411934
19200911    227837
19200913    321002
19200914    453560
19200915    581750
19200916    367391
19200917    992170
19200918    419752
19200920   1034250
19200921    752300
19200922    734000
19200923    967335
19200924    619174
19200925    271087
19200927   1025318
19200928    745013
19200929    950801
19200930    924785
19201001    941325
19201002    502750
19201004    908107
19201005    910028
19201006    829011
19201007    740138
19201008    786547
19201009    284620
19201011    472454
19201012    C
19201013    498450
19201014    524716
19201015    756854
19201016    237300
19201018    475100
19201019    369549
19201020    456252
19201021    530436
19201022    374401
19201023    199823
19201025    487043
19201026    380421
19201027    479714
19201028    836833
19201029    451934
19201030    214615
19201101    567028
19201102    C
19201103    984323
19201104   1108414
19201105   1002719
19201106    574088
19201108   1171309
19201109   1387204
19201110   1264838
19201111    829366
19201112   1225376
19201113    727535
19201115   1096495
19201116    816953
19201117   1042318
19201118   1122147
19201119   1455877
19201120    596680
19201122   1111718
19201123   1127881
19201124    684952
19201125    C
19201126    692529
19201127    286110
19201129    578429
19201130    807542
19201201   1066422
19201202    987443
19201203    728085
19201204    402265
19201206    718147
19201207    736883
19201208    848983
19201209    979965
19201210   1119737
19201211    512055
19201213   1411513
19201214   1292613
19201215    832323
19201216    760941
19201217    664610
19201218    479850
19201220    921078
19201221   1769863
19201222   1420238
19201223   1119428
19201224    614835
19201225    C
19201227    648560
19201228    836700
19201229   1171900
19201230   1109360
19201231   1117800
19210101    C
19210103    787550
19210104    837700
19210105    681735
19210106    859800
19210107   1177900
19210108    520825
19210110   1196720
19210111   1075600
19210112    853550
19210113    833580
19210114    509350
19210115    266300
19210117    410245
19210118    359525
19210119    724300
19210120    818600
19210121    720825
19210122    364000
19210124    478900
19210125    433300
19210126    478050
19210127    489116
19210128    497880
19210129    264015
19210131    475421
19210201    427500
19210202    498438
19210203    554600
19210204    535255
19210205    209100
19210207    341110
19210208    456900
19210209    495922
19210210    371783
19210211    390310
19210212    C
19210214    498936
19210215    634700
19210216    557140
19210217    613691
19210218    558700
19210219    342700
19210221    599700
19210222    C
19210223    438900
19210224    514400
19210225    489250
19210226    311057
19210228    425000
19210301    607700
19210302    492010
19210303    419400
19210304    483400
19210305    159300
19210307    483100
19210308    417300
19210309    386000
19210310    786200
19210311   1104600
19210312    451100
19210314    633974
19210315    659965
19210316    816200
19210317    811200
19210318    799500
19210319    387520
19210321    680100
19210322    582295
19210323   1289060
19210324    651832
19210325    C
19210326    315825
19210328    686651
19210329    672712
19210330    641352
19210331    520940
19210401    526710
19210402    279600
19210404    560977
19210405    594000
19210406    523585
19210407    424050
19210408    379340
19210409    192100
19210411    351183
19210412    578767
19210413    443200
19210414    576100
19210415    749400
19210416    338800
19210418    415715
19210419    590212
19210420    420760
19210421    700206
19210422   1144615
19210423    559929
19210425   1102050
19210426    820778
19210427    834813
19210428    940100
19210429   1091525
19210430    589500
19210502    996600
19210503    797650
19210504    826533
19210505   1233815
19210506   1161150
19210507    420200
19210509    985850
19210510    802613
19210511    867000
19210512    853305
19210513    814700
19210514    359000
19210516    660400
19210517    550200
19210518    625300
19210519    424295
19210520    665500
19210521    289200
19210523    587955
19210524    802511
19210525    828200
19210526    551510
19210527    538925
19210528    C
19210529    C
19210531    461400
19210601    568110
19210602    581595
19210603    644200
19210604    329650
19210606    695989
19210607   1085642
19210608    566000
19210609    808100
19210610    747200
19210611    392600
19210613   1122800
19210614    779600
19210615    791915
19210616    882800
19210617    759250
19210618    374962
19210620   1141700
19210621   1038800
19210622    905900
19210623    833400
19210624    507700
19210625    481765
19210627    483825
19210628    550360
19210629    600800
19210630    724550
19210701    414100
19210702    C
19210704    C
19210705    304500
19210706    904000
19210707    841400
19210708    570360
19210709    264200
19210711    360900
19210712    349700
19210713    395360
19210714    350700
19210715    395010
19210716    109800
19210718    330700
19210719    310130
19210720    323743
19210721    290538
19210722    292271
19210723    186150
19210725    418904
19210726    346855
19210727    458250
19210728    484025
19210729    408000
19210730    140425
19210801    395300
19210802    306900
19210803    531488
19210804    346873
19210805    450620
19210806    135725
19210808    279813
19210809    293250
19210810    483800
19210811    529350
19210812    426600
19210813    132400
19210815    381900
19210816    441800
19210817    461542
19210818    387750
19210819    403920
19210820    141900
19210822    441100
19210823    502900
19210824    612800
19210825    618944
19210826    625100
19210827    203600
19210829    397565
19210830    594110
19210831    511135
19210901    368770
19210902    513800
19210903    C
19210905    C
19210906    731000
19210907    638700
19210908    479300
19210909    731800
19210910    551200
19210912    718000
19210913    637000
19210914    844608
19210915    560700
19210916    525700
19210917    225300
19210919    571900
19210920    514600
19210921    536500
19210922    556150
19210923    603000
19210924    222020
19210926    488400
19210927    411600
19210928    410200
19210929    475000
19210930    439937
19211001    267680
19211003    548249
19211004    522400
19211005    544850
19211006    492362
19211007    497810
19211008    265375
19211010    455350
19211011    435000
19211012    C
19211013    515403
19211014    628816
19211015    278817
19211017    600031
19211018    413450
19211019    480250
19211020    427148
19211021    504050
19211022    395800
19211024    549035
19211025    804800
19211026    653318
19211027    685775
19211028   1081417
19211029    378300
19211031    690450
19211101    551189
19211102    628670
19211103    547000
19211104    539725
19211105    187907
19211107    497415
19211108    C
19211109    863090
19211110    779000
19211111    C
19211112    368615
19211114    929121
19211115    673655
19211116    920538
19211117    847118
19211118    852300
19211119    424000
19211121    736450
19211122    686975
19211123    635500
19211124    C
19211125    707483
19211126    438700
19211128    872000
19211129    798000
19211130    813700
19211201    634961
19211202    818700
19211203    382304
19211205    817832
19211206    711120
19211207    896706
19211208    711015
19211209    596410
19211210    466100
19211212    706815
19211213    910140
19211214    872160
19211215   1045280
19211216    864400
19211217    430800
19211219    703500
19211220    824600
19211221    659480
19211222    696300
19211223    495075
19211224    297250
19211226    C
19211227    581400
19211228    814239
19211229    746870
19211230    812350
19211231    419495
19220102    C
19220103    924460
19220104    780560
19220105    832510
19220106    560400
19220107    260500
19220109    547400
19220110    490551
19220111    461000
19220112    510320
19220113    640010
19220114    425300
19220116    746500
19220117    775580
19220118    929350
19220119    789050
19220120   1152750
19220121    509000
19220123    572725
19220124    512230
19220125    657910
19220126    786700
19220127    518632
19220128    206336
19220130    478120
19220131    408855
19220201    412990
19220202    719230
19220203    799300
19220204    504400
19220206    867725
19220207    740935
19220208    691415
19220209    709771
19220210    743717
19220211    290806
19220213    C
19220214    615493
19220215    797301
19220216    774480
19220217    705763
19220218    327525
19220220    803550
19220221   1028400
19220222    C
19220223   1125700
19220224    977088
19220225    523900
19220227   1156900
19220228    797615
19220301    929500
19220302    801550
19220303    922868
19220304    448100
19220306    801450
19220307    666645
19220308    766105
19220309    829544
19220310    805450
19220311    555675
19220313    897900
19220314    913400
19220315   1158930
19220316   1113755
19220317   1168544
19220318    589640
19220320   1194350
19220321    942872
19220322    955300
19220323    836350
19220324    728200
19220325    439100
19220327    691550
19220328    626400
19220329    741130
19220330    941700
19220331   1089450
19220401    518500
19220403   1338100
19220404   1332800
19220405   1145510
19220406   1575300
19220407   1580981
19220408    808200
19220410   1375000
19220411   1398900
19220412   1485750
19220413   1450000
19220414    C
19220415   1043420
19220417   2004857
19220418   1653180
19220419   1428200
19220420   1400721
19220421   1165371
19220422    707607
19220424   1323547
19220425   1314567
19220426   1339251
19220427   1378620
19220428   1050042
19220429    728905
19220501   1215553
19220502   1059761
19220503   1409630
19220504   1408665
19220505   1141145
19220506    598125
19220508    956750
19220509    935900
19220510    791200
19220511   1126550
19220512   1128800
19220513    690468
19220515   1210000
19220516    975800
19220517   1654200
19220518   1342172
19220519   1672150
19220520    891100
19220522   1609673
19220523   1391400
19220524    943414
19220525   1057570
19220526   1229275
19220527    613850
19220529   1242900
19220530    C
19220531   1283400
19220601   1228300
19220602   1677750
19220603    849845
19220605   1079950
19220606   1167600
19220607   1060400
19220608    742700
19220609   1162850
19220610    591625
19220612   1700960
19220613   1265470
19220614    922800
19220615   1344600
19220616   1060410
19220617    418400
19220619    750500
19220620   1022338
19220621   1156625
19220622    856400
19220623    754360
19220624    384700
19220626    730556
19220627    760000
19220628    556950
19220629    686100
19220630    528400
19220701    208400
19220703    235300
19220704    C
19220705    599100
19220706    875200
19220707    914300
19220708    374900
19220710    582800
19220711    456600
19220712    784720
19220713    785900
19220714    826680
19220715    288400
19220717    487100
19220718    637350
19220719    818848
19220720    700865
19220721    699998
19220722    299200
19220724    848900
19220725    704100
19220726    739680
19220727    684900
19220728    805200
19220729    321400
19220731    726800
19220801    703500
19220802    568010
19220803    584225
19220804    561000
19220805    254350
19220807    577400
19220808    765375
19220809    589719
19220810    570305
19220811    561900
19220812    284025
19220814    569000
19220815    509110
19220816    648800
19220817    648500
19220818    605100
19220819    394900
19220821    973110
19220822    953500
19220823    998787
19220824    936900
19220825    892800
19220826    335600
19220828    770000
19220829    784100
19220830    927100
19220831    865010
19220901   1097829
19220902    330500
19220904    C
19220905    874950
19220906    971500
19220907    886110
19220908   1083000
19220909    497300
19220911   1007600
19220912    979800
19220913   1165555
19220914   1132050
19220915   1028569
19220916    503400
19220918   1291050
19220919    849400
19220920    885790
19220921   1090056
19220922    967200
19220923    318800
19220925    665496
19220926    763712
19220927   1010320
19220928   1052860
19220929   1042400
19220930    370300
19221002    652100
19221003    901410
19221004   1136574
19221005   1306663
19221006   1282508
19221007    520726
19221009   1395441
19221010   1409213
19221011   1089210
19221012    C
19221013   1022262
19221014    690776
19221016   1254785
19221017   1083015
19221018   1237130
19221019   1303850
19221020   1141207
19221021    461900
19221023   1196225
19221024    921343
19221025    969661
19221026   1208721
19221027    899318
19221028    355810
19221030   1091928
19221031   1160010
19221101   1175679
19221102   1002525
19221103   1002050
19221104    444500
19221106    666602
19221107    C
19221108    872437
19221109   1073130
19221110    877601
19221111    590825
19221113   1062000
19221114   1418188
19221115   1184719
19221116   1103046
19221117    934400
19221118    260403
19221120    594800
19221121    671350
19221122   1001010
19221123    904785
19221124    678000
19221125    513605
19221127   1110516
19221128   1003244
19221129    855819
19221130    C
19221201    878050
19221202    451962
19221204    751467
19221205    653160
19221206    757946
19221207    980327
19221208    883221
19221209    452310
19221211    702976
19221212    735700
19221213    871800
19221214    903610
19221215    917250
19221216    496200
19221218   1185835
19221219    799703
19221220    827500
19221221    960800
19221222    859755
19221223    C
19221225    C
19221226    898224
19221227   1071150
19221228   1221450
19221229    917000
19221230    568390
19230101    C
19230102    896500
19230103    925000
19230104   1368800
19230105    954200
19230106    538000
19230108    692870
19230109    745200
19230110    741150
19230111    797910
19230112   1032250
19230113    620900
19230115   1285400
19230116    956900
19230117    764625
19230118    857250
19230119    956500
19230120    349300
19230122    623700
19230123    600860
19230124    721360
19230125    677800
19230126    719700
19230127    325900
19230129    780200
19230130    771100
19230131    749700
19230201    628000
19230202    779480
19230203    603300
19230205    994100
19230206   1332400
19230207   1217700
19230208   1185000
19230209   1184150
19230210    675900
19230212    C
19230213   1445875
19230214   1401780
19230215   1394900
19230216   1503200
19230217    705100
19230219   1191890
19230220   1054600
19230221   1047100
19230222    C
19230223    990100
19230224    503810
19230226   1026825
19230227    894700
19230228   1049983
19230301   1215300
19230302   1364900
19230303    745200
19230305   1239100
19230306   1316740
19230307   1223200
19230308   1283500
19230309    903020
19230310    480200
19230312    646400
19230313    928825
19230314   1053410
19230315    983710
19230316    922510
19230317    523265
19230319   1175732
19230320   1204925
19230321   1373700
19230322   1111500
19230323   1250500
19230324    590000
19230326   1235700
19230327    986350
19230328   1021800
19230329    763800
19230330    C
19230331    358600
19230402   1291800
19230403   1228800
19230404    890800
19230405    976800
19230406    888150
19230407    402700
19230409    661850
19230410    820000
19230411   1171500
19230412    768510
19230413    811875
19230414    434600
19230416    666190
19230417    858864
19230418    954960
19230419    779430
19230420    965600
19230421    620350
19230423    935900
19230424    654500
19230425    658275
19230426    641288
19230427    641000
19230428    320100
19230430   1132600
19230501   1428300
19230502    908700
19230503   1089300
19230504   1452585
19230505    398100
19230507   1353300
19230508    873700
19230509    948200
19230510   1042700
19230511    907100
19230512    572200
19230514    845500
19230515    636100
19230516    703400
19230517    556300
19230518    503700
19230519    384400
19230521   1240400
19230522   1400900
19230523    871800
19230524   1147500
19230525   1012100
19230526    620100
19230528   1025400
19230529    680100
19230530    C
19230531    646200
19230601    987200
19230602    416800
19230604    591400
19230605    490600
19230606    684400
19230607    574100
19230608    609000
19230609    466900
19230611    650000
19230612    742000
19230613   1102600
19230614    832400
19230615    756900
19230616    244400
19230618   1010600
19230619   1142600
19230620   1222900
19230621   1193500
19230622    677900
19230623    239000
19230625    672275
19230626   1043700
19230627   1144400
19230628   1138300
19230629    785700
19230630    486500
19230702    904490
19230703    719400
19230704    C
19230705    725918
19230706    541900
19230707    283500
19230709    510600
19230710    360300
19230711    367800
19230712    344000
19230713    377400
19230714    149800
19230716    282700
19230717    345100
19230718    412150
19230719    670100
19230720    723100
19230721    253600
19230723    480400
19230724    435700
19230725    426400
19230726    363450
19230727    787500
19230728    576300
19230730    792400
19230731    768100
19230801    567000
19230802    617275
19230803    C
19230804    438500
19230806    467800
19230807    449175
19230808    423900
19230809    390000
19230810    C
19230811    157100
19230813    327460
19230814    539700
19230815    617000
19230816    590750
19230817    589600
19230818    414400
19230820    590000
19230821    618800
19230822    710400
19230823    589100
19230824    536500
19230825    277500
19230827    519000
19230828    671100
19230829    874000
19230830    871400
19230831    567100
19230901    236900
19230903    C
19230904    578900
19230905    569700
19230906    598760
19230907    526900
19230908    258300
19230910    575550
19230911    624050
19230912    797650
19230913   1092000
19230914    913000
19230915    407400
19230917    685800
19230918    734000
19230919    855600
19230920    573000
19230921    715500
19230922    286500
19230924    637200
19230925    707000
19230926    619600
19230927    716000
19230928    643000
19230929    314500
19231001    614700
19231002    516100
19231003   1101800
19231004    808320
19231005    631702
19231006    322700
19231008    714900
19231009    757536
19231010    605800
19231011    666600
19231012    C
19231013    227400
19231015    541300
19231016    716000
19231017    569070
19231018    439900
19231019    553570
19231020    272100
19231022    479130
19231023    542300
19231024    522200
19231025    574000
19231026    723500
19231027    324800
19231029    631800
19231030    617075
19231031   1400500
19231101   1227000
19231102   1010600
19231103    539200
19231105    788800
19231106    C
19231107    763100
19231108   1207200
19231109   1245600
19231110    485400
19231112   1025250
19231113    971200
19231114    957100
19231115    952950
19231116    836600
19231117    355100
19231119    888900
19231120    875500
19231121   1347500
19231122   1557480
19231123   1006200
19231124    547200
19231126   1268900
19231127   1132900
19231128    875500
19231129    C
19231130    661350
19231201    528000
19231203   1139900
19231204    827350
19231205   1102700
19231206   1201400
19231207   1185500
19231208    723900
19231210   1000400
19231211   1173000
19231212    982000
19231213   1304500
19231214   1225075
19231215    578400
19231217   1116000
19231218   1169800
19231219   1023175
19231220    881100
19231221    736200
19231222    374000
19231224    724500
19231225    C
19231226   1357815
19231227   1295000
19231228   1096049
19231229    749340
19231231   1057105
19240101    C
19240102    878250
19240103   1024900
19240104    828000
19240105    610500
19240107   1296500
19240108   1234800
19240109   1348000
19240110   1304200
19240111   1077600
19240112    634200
19240114   1163000
19240115    999400
19240116    927500
19240117   1203750
19240118    841252
19240119    455100
19240121    930100
19240122    980100
19240123    946600
19240124   1121500
19240125   1288700
19240126    795000
19240128   1404300
19240129   1219000
19240130   1290200
19240131   1244125
19240201   1213900
19240202    559600
19240204   1258910
19240205   1120550
19240206    645000
19240207   1133400
19240208   1015000
19240209    462900
19240211    679450
19240212    C
19240213    913400
19240214   1036000
19240215   1837200
19240216    757500
19240218   1270100
19240219   1059050
19240220    781700
19240221    699790
19240222    C
19240223    410900
19240225    628000
19240226    838825
19240227    576200
19240228    855300
19240229    851720
19240301    424400
19240303    759000
19240304    612200
19240305    622300
19240306    772700
19240307    499400
19240308    399400
19240310    675900
19240311    467900
19240312    551950
19240313    737900
19240314    767255
19240315    430100
19240317   1061550
19240318   1006800
19240319   1004200
19240320   1019900
19240321    779900
19240322    499600
19240324    782100
19240325    981200
19240326    772900
19240327    717000
19240328    970400
19240329    353800
19240331    663370
19240401    501800
19240402    692900
19240403    857000
19240404    886300
19240405    529900
19240407    741900
19240408    572400
19240409    599500
19240410   1027825
19240411    955813
19240412    410000
19240414   1006600
19240415    927400
19240416    629020
19240417    564400
19240418    C
19240419    323900
19240421   1129000
19240422    859000
19240423    664300
19240424    711100
19240425    818665
19240426    461580
19240428    639300
19240429    594600
19240430    709100
19240501    838600
19240502    623900
19240503    257600
19240505    643400
19240506    501800
19240507    637800
19240508    483300
19240509    454650
19240510    447500
19240512    760410
19240513    521700
19240514    685900
19240515    552700
19240516    499295
19240517    220500
19240519    479417
19240520    815600
19240521    619460
19240522    677060
19240523    525000
19240524    362400
19240526    588800
19240527    532940
19240528    532200
19240529    415600
19240530    C
19240531    C
19240602    315550
19240603    628400
19240604    750100
19240605    587460
19240606    636900
19240607    298800
19240609    482700
19240610    547100
19240611    962900
19240612    908550
19240613    865900
19240614    384000
19240616    841700
19240617    821200
19240618    684150
19240619    736100
19240620    772500
19240621    357400
19240623    634900
19240624    630200
19240625    773300
19240626   1083800
19240627    953000
19240628    500000
19240630    813100
19240701    901300
19240702    860840
19240703    670400
19240704    C
19240705    207900
19240707    633700
19240708    879890
19240709   1032000
19240710    979900
19240711    815100
19240712    413700
19240714    930700
19240715   1002700
19240716   1015100
19240717   1091100
19240718   1133853
19240719    564700
19240721   1106500
19240722   1204900
19240723   1280400
19240724   1155800
19240725   1092000
19240726    513700
19240728   1166418
19240729   1292100
19240730   1198400
19240731   1169400
19240801   1207500
19240802    622100
19240804   1180800
19240805    994000
19240806    969000
19240807    789920
19240808    915800
19240809    335200
19240811    904983
19240812   1120600
19240813    880400
19240814    785600
19240815    951500
19240816    535000
19240818   1198800
19240819   1181000
19240820   1430700
19240821   1106600
19240822   1074935
19240823    463300
19240825    881500
19240826    723500
19240827    721600
19240828    600000
19240829    781300
19240830    461100
19240901    C
19240902    868600
19240903    742000
19240904    788700
19240905   1193500
19240906    643500
19240908    836000
19240909    831800
19240910    918000
19240911    646200
19240912    576761
19240913    211900
19240915    513000
19240916    440450
19240917    750600
19240918    958700
19240919    755300
19240920    385400
19240922    763150
19240923    829400
19240924    982200
19240925    923500
19240926    863400
19240927    441600
19240929    855700
19240930    740100
19241001    870700
19241002    803500
19241003    931500
19241004    327650
19241006    610000
19241007    440200
19241008    485500
19241009    535600
19241010    763700
19241011    337100
19241013    C
19241014   1057600
19241015    893250
19241016    550200
19241017    634675
19241018    436900
19241020    700000
19241021    852200
19241022   1041600
19241023    869100
19241024    832000
19241025    375600
19241027    569400
19241028    693500
19241029    571845
19241030    677525
19241031   1033800
19241101    460100
19241103    868750
19241104    C
19241105   1819550
19241106   1682500
19241107   2389600
19241108   1377900
19241110   2273400
19241111   2299900
19241112   2307800
19241113   2235507
19241114   1831100
19241115    730700
19241117   1738400
19241118   2328000
19241119   2467000
19241120   2547000
19241121   2185150
19241122   1025635
19241124   1937700
19241125   1697900
19241126   2153200
19241127    C
19241128   2359300
19241129   1185200
19241201   2132900
19241202   1592200
19241203   2054400
19241204   2411700
19241205   2514000
19241206    966900
19241208   1696710
19241209   1713850
19241210   2053300
19241211   1790282
19241212   1719500
19241213    961400
19241215   1711300
19241216   1970100
19241217   1968600
19241218   1985060
19241219   2044300
19241220    898010
19241222   1519500
19241223   1145600
19241224   1027310
19241225    C
19241226   1479100
19241227   1049700
19241229   1949414
19241230   1800967
19241231   1607100
19250101    C
19250102   1964300
19250103   1501350
19250105   2328400
19250106   1806000
19250107   1739200
19250108   1741700
19250109   2049144
19250110   1178400
19250112   2172600
19250113   2031700
19250114   1998200
19250115   1730000
19250116   1711900
19250117    811200
19250119   1451900
19250120   1145400
19250121   1136300
19250122   1474500
19250123   1849900
19250124    574600
19250126   1511300
19250127   1329300
19250128   1730700
19250129   2051700
19250130   1780239
19250131   1063500
19250202   1724000
19250203   1468200
19250204   1799900
19250205   2159610
19250206   1833600
19250207    888566
19250209   1594200
19250210   1650700
19250211   1798200
19250212    C
19250213   1183700
19250214    778400
19250216   2322700
19250217   2218600
19250218   1583500
19250219   1395700
19250220   1736600
19250221    943100
19250223    C
19250224   1303300
19250225   1171200
19250226   1583700
19250227   1353290
19250228    811900
19250302   1684027
19250303   1977160
19250304   1870700
19250305   1601100
19250306   1659500
19250307    729700
19250309   1351500
19250310   1557510
19250311   1803000
19250312   1646050
19250313   1335900
19250314    757500
19250316   1788900
19250317   2428450
19250318   2217900
19250319   1773800
19250320   1380100
19250321    797400
19250323   1743100
19250324   1805900
19250325   1463900
19250326   1383100
19250327   1147300
19250328    480400
19250330   1676100
19250331   1207100
19250401   1131900
19250402   1167300
19250403    855100
19250404    535500
19250406   1229000
19250407   1231200
19250408    918400
19250409    867900
19250410    C
19250411    462100
19250413    789200
19250414   1167200
19250415   1200000
19250416   1401500
19250417   1186800
19250418    810900
19250420   1224100
19250421   1369300
19250422   1292320
19250423   1084100
19250424   1013000
19250425    409100
19250427    892700
19250428    803100
19250429    972900
19250430   1264900
19250501   1251300
19250502    694900
19250504   1436400
19250505   1536200
19250506   1999200
19250507   1719000
19250508   1652900
19250509    994000
19250511   1721015
19250512   1647281
19250513   1486841
19250514   1140727
19250515   1303530
19250516    640700
19250518   1406840
19250519   1742710
19250520   2169800
19250521   1989311
19250522   1862406
19250523    956340
19250525   1687807
19250526   1463209
19250527   1596571
19250528   1488525
19250529   1354080
19250601   1316400
19250602   1387700
19250603   1468117
19250604   1285405
19250605   1163600
19250606    733054
19250608   1369800
19250609   1419000
19250610   1111700
19250611   1320755
19250612   1735937
19250613    767300
19250615   1292000
19250616   1160200
19250617   1204011
19250618   1606000
19250619   1384110
19250620    610200
19250622   1089000
19250623   1263340
19250624   1013701
19250625    951416
19250626   1195307
19250627    662100
19250629   1477800
19250630   1205400
19250701   1565010
19250702   1436900
19250703   1266121
19250704    C
19250706   1102505
19250707   1498115
19250708   1506060
19250709   1403800
19250710   1431100
19250711    467200
19250713    871900
19250714   1048400
19250715   1407300
19250716   1522300
19250717   1287900
19250718    614000
19250720   1296800
19250721   1294000
19250722   1221700
19250723   1230700
19250724   1220500
19250725    600700
19250727   1703700
19250728   2021800
19250729   1537900
19250730   1286800
19250731   1182200
19250801    458900
19250803   1054100
19250804   1381600
19250805   1458300
19250806   1383900
19250807   1632100
19250808    704800
19250810   1319400
19250811   1469000
19250812   1500500
19250813   1366900
19250814   1324200
19250815    536100
19250817   1595300
19250818   1795400
19250819   1590200
19250820   1493600
19250821   1340800
19250822    725800
19250824   1376900
19250825   1602300
19250826   1669000
19250827   1464100
19250828   1225050
19250829    573000
19250831    995500
19250901   1160600
19250902   1605500
19250903   1023800
19250904   1092700
19250905    568900
19250907    C
19250908   1232300
19250909   1474900
19250910   1679600
19250911   1837800
19250912    916000
19250914   2175800
19250915   2083600
19250916   1659500
19250917   1811700
19250918   1529900
19250919    952800
19250921   1864800
19250922   1761000
19250923   1575400
19250924   1825500
19250925   1518300
19250926    719600
19250928   1548600
19250929   1931600
19250930   1844600
19251001   1831800
19251002   2439700
19251003   1260400
19251005   2064900
19251006   2225800
19251007   1718400
19251008   1631300
19251009   1956100
19251010   1099600
19251012    C
19251013   2069100
19251014   2135100
19251015   2618000
19251016   2852200
19251017   1729700
19251019   2548600
19251020   2172600
19251021   2566400
19251022   2563900
19251023   2433600
19251024   1398300
19251026   2170500
19251027   2470900
19251028   2264200
19251029   2523100
19251030   2414900
19251031   1433500
19251102   2790200
19251103    C
19251104   2888600
19251105   2872600
19251106   2753400
19251107   1333900
19251109   2419100
19251110   3384200
19251111   2702800
19251112   2382000
19251113   3110300
19251114   1544300
19251116   2487300
19251117   2154200
19251118   2680500
19251119   1964600
19251120   2010900
19251121    999600
19251123   1695800
19251124   1881800
19251125   1502100
19251126    C
19251127   1583100
19251128    909500
19251130   1568800
19251201   1811900
19251202   1762800
19251203   1996800
19251204   2258600
19251205   1077400
19251207   2112800
19251208   2067900
19251209   1711300
19251210   1273400
19251211   1648100
19251212    855500
19251214   1568700
19251215   1985900
19251216   2257200
19251217   1922400
19251218   1798200
19251219    761900
19251221   1418700
19251222   1445000
19251223   1625300
19251224   1717500
19251225    C
19251226    C
19251228   2182100
19251229   2072000
19251230   2018500
19251231   2058100
19260101    C
19260102   1028800
19260104   2246000
19260105   1991400
19260106   1648200
19260107   1768300
19260108   2208200
19260109   1165600
19260111   2294900
19260112   1777900
19260113   1570000
19260114   1509800
19260115   2148900
19260116    985700
19260118   1303900
19260119   1708700
19260120   1958800
19260121   1384600
19260122   1421400
19260123    772600
19260125   1221200
19260126   1210200
19260127   1608900
19260128   1593200
19260129   1840400
19260130    861200
19260201   1508900
19260202   1277200
19260203   1828700
19260204   1935800
19260205   1926700
19260206    954800
19260208   2138800
19260209   1971200
19260210   1946400
19260211   1878700
19260212    C
19260213   1186400
19260215   2332800
19260216   1521500
19260217   1297500
19260218   1407200
19260219   1461100
19260220    683700
19260222    C
19260223   1545000
19260224   1892700
19260225   1687300
19260226   2373200
19260227    947200
19260301   2462700
19260302   3105000
19260303   3856300
19260304   2615300
19260305   2194800
19260306    872800
19260308   1613800
19260309   1269300
19260310   1581700
19260311   1812700
19260312   1540000
19260313   1011500
19260315   1562600
19260316   1446200
19260317   1501300
19260318   2114300
19260319   2016600
19260320    882200
19260322   1389200
19260323   1258500
19260324   2654200
19260325   2404700
19260326   1640800
19260327    941400
19260329   2707400
19260330   3240700
19260331   2594600
19260401   1927600
19260402    C
19260403    645900
19260405   1019100
19260406   1235100
19260407   1222300
19260408   1054500
19260409   1095200
19260410    558300
19260412   1681300
19260413   1285000
19260414   1130600
19260415   1386000
19260416   1065200
19260417    399700
19260419   1009500
19260420    867700
19260421   1462500
19260422   1702300
19260423   2308600
19260424    930200
19260426   1547000
19260427   1158800
19260428   1141700
19260429   1472900
19260430   1194800
19260501    463600
19260503   1541400
19260504   1010100
19260505    663500
19260506    606600
19260507    799500
19260508    269000
19260510   1206100
19260511    767000
19260512    955100
19260513    984800
19260514    841700
19260515    573100
19260517   1042000
19260518    951100
19260519    892400
19260520   1212700
19260521   1322400
19260522    560700
19260524   1096700
19260525   1330900
19260526   1401100
19260527   1391900
19260528   1532400
19260529    C
19260531    C
19260601    835100
19260602   1189500
19260603   1558400
19260604   1559900
19260605    605200
19260607   1165400
19260608   1795000
19260609   1566400
19260610   1296100
19260611   1554200
19260612    858400
19260614   2059600
19260615   2947400
19260616   1977600
19260617   2263800
19260618   2278900
19260619    947700
19260621   1903300
19260622   1826600
19260623   1717700
19260624   1373900
19260625   1269000
19260626    438200
19260628    945600
19260629   1410900
19260630   1657600
19260701   1703500
19260702   1413000
19260703    C
19260705    C
19260706   1285400
19260707   1425600
19260708   1686600
19260709   1815400
19260710    604000
19260712   1450100
19260713   1585700
19260714   1872000
19260715   1421100
19260716   1635900
19260717   1038800
19260719   1723400
19260720   1994100
19260721   1712000
19260722   1810300
19260723   1192600
19260724    443700
19260726    721100
19260727   1095200
19260728   1685600
19260729   2352800
19260730   2420000
19260731    963000
19260802   2274100
19260803   2891400
19260804   2578900
19260805   1823300
19260806   1933700
19260807    878600
19260809   2220400
19260810   2205400
19260811   1797600
19260812   1557800
19260813   1952600
19260814   1116500
19260816   1796600
19260817   2184700
19260818   1841100
19260819   1729800
19260820   1611300
19260821    568500
19260823   1444900
19260824   1703200
19260825   1582900
19260826   1511900
19260827   1321900
19260828    777900
19260830   1671800
19260831   1831700
19260901   2246300
19260902   1665400
19260903   1536900
19260904    C
19260906    C
19260907   1925000
19260908   1976700
19260909   1361900
19260910   2094900
19260911    819600
19260913   1325500
19260914   1505800
19260915   1760100
19260916   1569300
19260917   2371800
19260918    782900
19260920   1855300
19260921   1826900
19260922   1558100
19260923   1435000
19260924   1306100
19260925    894100
19260927   1348500
19260928   1361200
19260929   1431200
19260930   1428400
19261001   1955600
19261002    905000
19261004   1784500
19261005   2393700
19261006   2417500
19261007   2561500
19261008   1753500
19261009    870400
19261011   2046500
19261012    C
19261013   1345000
19261014   1654200
19261015   2167900
19261016   1062900
19261018   1660600
19261019   1879600
19261020   2144000
19261021   1866900
19261022   1784900
19261023    769100
19261025    955300
19261026   1166000
19261027   1522100
19261028   1756100
19261029   1153100
19261030    514800
19261101    913900
19261102    C
19261103   1155300
19261104   1440700
19261105   1612900
19261106    672800
19261108   1427600
19261109   1527900
19261110   1376900
19261111   1217100
19261112   1852100
19261113    678600
19261115   1337500
19261116   1496639
19261117   1472900
19261118   1503200
19261119   1517700
19261120    587300
19261122   1283000
19261123   1454700
19261124   1651700
19261125    C
19261126   1547400
19261127    776500
19261129   1526100
19261130   1271600
19261201   1473000
19261202   1700300
19261203   1815000
19261204    889100
19261206   1272600
19261207   1517700
19261208   1220100
19261209   1545400
19261210   1713700
19261211    870300
19261213   1813500
19261214   2044300
19261215   1857100
19261216   2337500
19261217   2640000
19261218   1203700
19261220   1968300
19261221   1312400
19261222   1424800
19261223   1517800
19261224   1439400
19261225    C
19261227   1730300
19261228   1994700
19261229   1627400
19261230   1483000
19261231   1355300
19270101    C
19270103   1364300
19270104   1587370
19270105   1378980
19270106   1432225
19270107   1317130
19270108    813720
19270110   1419280
19270111   1327500
19270112   1379605
19270113   1361597
19270114   1332575
19270115    893380
19270117   1880835
19270118   1627545
19270119   1569670
19270120   1307435
19270121   1610255
19270122   1101090
19270124   1865450
19270125   2049940
19270126   1446440
19270127   1228333
19270128   1217000
19270129    717730
19270131   1355200
19270201   1513670
19270202   1851780
19270203   1737600
19270204   2314480
19270205   1293380
19270207   2184030
19270208   2413180
19270209   2881870
19270210   1986020
19270211   1842610
19270212    C
19270214   2008750
19270215   2112680
19270216   2446750
19270217   2321280
19270218   2291370
19270219   1020050
19270221   2175655
19270222    C
19270223   2192340
19270224   2115420
19270225   2029880
19270226   1167290
19270228   2617200
19270301   2115800
19270302   2387700
19270303   1823660
19270304   2235300
19270305    920200
19270307   1569510
19270308   1719700
19270309   1780850
19270310   1909630
19270311   2084370
19270312    936040
19270314   1864670
19270315   2019220
19270316   2061620
19270317   1987550
19270318   2300260
19270319   1021420
19270321   1840040
19270322   1952850
19270323   2276755
19270324   1876760
19270325   1741810
19270326    811210
19270328   1873680
19270329   1897030
19270330   2341488
19270331   2286840
19270401   2175930
19270402   1086620
19270404   1882230
19270405   2635210
19270406   2406580
19270407   2341680
19270408   2088180
19270409   1228180
19270411   2495000
19270412   2113200
19270413   2039860
19270414   2068820
19270415    C
19270416   1084260
19270418   2111800
19270419   1994890
19270420   2159470
19270421   2186790
19270422   2422230
19270423   1279660
19270425   2528400
19270426   2063650
19270427   1980660
19270428   2646968
19270429   1917680
19270430    905270
19270502   1502230
19270503   1917080
19270504   2223460
19270505   2112870
19270506   2016100
19270507    873830
19270509   1911630
19270510   1669360
19270511   1938225
19270512   1736210
19270513   1678850
19270514    885420
19270516   1600250
19270517   1525340
19270518   2045550
19270519   2305600
19270520   2532860
19270521   1304020
19270523   2204430
19270524   2107750
19270525   2312160
19270526   2683270
19270527   2384490
19270528   1064300
19270530    C
19270531   2158950
19270601   2338150
19270602   2890300
19270603   2660950
19270604    979680
19270606   2253450
19270607   2488530
19270608   2738110
19270609   2474800
19270610   2047940
19270611    990150
19270613    C
19270614   2532450
19270615   2072160
19270616   2307660
19270617   2717330
19270618   1018160
19270620   1932760
19270621   1735140
19270622   1765840
19270623   2155780
19270624   1510910
19270625    694420
19270627   2287600
19270628   1414130
19270629   1421710
19270630   1376400
19270701   1435400
19270702    531550
19270704    C
19270705   1423300
19270706   1786680
19270707   1753740
19270708   1484590
19270709    600400
19270711   1548290
19270712   1692980
19270713   1614400
19270714   1606940
19270715   1818870
19270716    772100
19270718   1552650
19270719   1991930
19270720   1892610
19270721   2109090
19270722   1831530
19270723    702730
19270725   1605980
19270726   1902730
19270727   2216360
19270728   2035090
19270729   2070600
19270730   1042300
19270801   2020390
19270802   2238890
19270803   2889400
19270804   2439830
19270805   2881700
19270806    880570
19270808   1840060
19270809   1557180
19270810   1782470
19270811   2006840
19270812   2981900
19270813    901250
19270815   1714020
19270816   2078030
19270817   1895280
19270818   1635220
19270819   1568960
19270820    811450
19270822   1984390
19270823   2087400
19270824   2036200
19270825   2313030
19270826   2111090
19270827   1000550
19270829   1929810
19270830   1741120
19270831   1723650
19270901   1715926
19270902   1987290
19270903    932320
19270905    C
19270906   2282580
19270907   2679060
19270908   2595040
19270909   2601490
19270910    815070
19270912   2264750
19270913   1913900
19270914   2687490
19270915   2573350
19270916   2538710
19270917   1332030
19270919   2671390
19270920   2356320
19270921   2324610
19270922   2346110
19270923   1618250
19270924    912000
19270926   1965220
19270927   1901880
19270928   2142180
19270929   2170630
19270930   2397240
19271001   1258200
19271003   2627670
19271004   3189170
19271005   2408170
19271006   1938950
19271007   2026290
19271008   1136910
19271010   2578080
19271011   1905200
19271012    C
19271013   1760380
19271014   1959810
19271015    857100
19271017   2082160
19271018   2086300
19271019   2632950
19271020   2506710
19271021   2621050
19271022   1523610
19271024   2284570
19271025   1944910
19271026   2348880
19271027   1854160
19271028   2341630
19271029   1165310
19271031   1604460
19271101   1653220
19271102   1689520
19271103   2434130
19271104   2055950
19271105   1064510
19271107   2077710
19271108    C
19271109   2113340
19271110   1750950
19271111   1929390
19271112    938270
19271114   2097480
19271115   2546340
19271116   2245680
19271117   2479700
19271118   2623340
19271119   1371620
19271121   2491490
19271122   2573840
19271123   3072900
19271124    C
19271125   2633100
19271126   1335810
19271128   2709390
19271129   2719020
19271130   3088560
19271201   2861000
19271202   3027540
19271203   1466680
19271205   2352630
19271206   2524570
19271207   2712190
19271208   2494700
19271209   2536560
19271210   1539620
19271212   2626040
19271213   2983760
19271214   2691550
19271215   2676000
19271216   3086460
19271217   1632540
19271219   2880720
19271220   2957050
19271221   2935660
19271222   2564100
19271223   2244200
19271224   1285070
19271226    C
19271227   2170720
19271228   2549600
19271229   2468280
19271230   2235800
19271231   1125100
19280102    C
19280103   2447460
19280104   3215150
19280105   3451700
19280106   2926050
19280107   1682440
19280109   2828690
19280110   3373860
19280111   2530570
19280112   2074480
19280113   2175780
19280114   1150920
19280116   2641280
19280117   1608690
19280118   1787070
19280119   1461010
19280120   1792970
19280121   1136590
19280123   2713170
19280124   2711920
19280125   2751110
19280126   2547940
19280127   2818120
19280128   1452178
19280130   2128830
19280131   2169680
19280201   2084100
19280202   2192330
19280203   2688270
19280204   1363410
19280206   2039400
19280207   2986800
19280208   2735840
19280209   3002450
19280210   2203120
19280211   1283360
19280213    C
19280214   2057260
19280215   1956390
19280216   1979100
19280217   2900190
19280218   1806700
19280220   2538410
19280221   1746780
19280222    C
19280223   1698690
19280224   1755440
19280225    887940
19280227   1737690
19280228   1515800
19280229   1879110
19280301   1824940
19280302   1770970
19280303   1256100
19280305   2848040
19280306   2912250
19280307   2761450
19280308   2045280
19280309   3730700
19280310   2185230
19280312   3813660
19280313   3972170
19280314   3076520
19280315   3556270
19280316   3916210
19280317   2165930
19280319   3189160
19280320   3406070
19280321   3850000
19280322   4024760
19280323   3564750
19280324   2019010
19280326   4253380
19280327   4845240
19280328   4121320
19280329   3723270
19280330   4683880
19280331   2463000
19280402   3446320
19280403   3012000
19280404   3183440
19280405   3829000
19280406    C
19280407    C
19280409   4230970
19280410   4147180
19280411   4387390
19280412   4367820
19280413   4641050
19280414   2282950
19280416   4317950
19280417   4222640
19280418   3531410
19280419   3752770
19280420   3773550
19280421    C
19280423   3537720
19280424   2789330
19280425   3282720
19280426   4076270
19280427   4381790
19280428   2393640
19280430   3916950
19280501   3846000
19280502   3869750
19280503   3542143
19280504   4684160
19280505    C
19280507   4593600
19280508   4267970
19280509   4132810
19280510   3714410
19280511   4203610
19280512    C
19280514   4520350
19280515   4653820
19280516   4965000
19280517   3732320
19280518   4100760
19280519    C
19280521   2765835
19280522   3186960
19280523   2876320
19280524   3117411
19280525   3134200
19280526    C
19280528   3475940
19280529   3591671
19280530    C
19280531 3773670
19280601   3682090
19280602   1946880
19280604   4236260
19280605   3435140
19280606   3456480
19280607   3287450
19280608   3219000
19280609   1686990
19280611   3790480
19280612   5252425
19280613   3720430
19280614   3199500
19280615   2614950
19280616   1033310
19280618   1973680
19280619   3310910
19280620   2099180
19280621   1635900
19280622   1438800
19280623    719100
19280625   1089100
19280626   1479720
19280627   2113100
19280628   1776300
19280629   2275356
19280630    769900
19280702   1683100
19280703   1814600
19280704    C
19280705   2317000
19280706   1897100
19280707    774810
19280709   1724200
19280710   1872400
19280711   2613520
19280712   2532000
19280713   1810840
19280714    512570
19280716   1160200
19280717   1317220
19280718   1444100
19280719   1214200
19280720   1304650
19280721    597440
19280723   1407200
19280724   1814300
19280725   1680600
19280726   1471700
19280727   1771810
19280728    860600
19280730   1696000
19280731   1511550
19280801   2337050
19280802   1903450
19280803   2369100
19280804    969010
19280806   2178900
19280807   2438000
19280808   2053270
19280809   1676300
19280810   2135300
19280811    811020
19280813   1659100
19280814   2199050
19280815   2587750
19280816   2909000
19280817   3011550
19280818   1085000
19280820   2447020
19280821   3108050
19280822   3161660
19280823   2968120
19280824   3951700
19280825   2015650
19280827   3666000
19280828   3473060
19280829   3824520
19280830   3476050
19280831   4357800
19280901   2115350
19280903    C
19280904   3784000
19280905   4567850
19280906   4557680
19280907   4855770
19280908   2154400
19280910   3790700
19280911   4205520
19280912   4501800
19280913   4079300
19280914   4692800
19280915   1863800
19280917   4472310
19280918   4480000
19280919   3833490
19280920   4076300
19280921   4861350
19280922   2287050
19280924   4337200
19280925   4617000
19280926   4284850
19280927   4040800
19280928   3858900
19280929   1879720
19281001   3278250
19281002   3709710
19281003   4064800
19281004   4299070
19281005   4451940
19281006   2411467
19281008   3920960
19281009   3774940
19281010   4292690
19281011   3966720
19281012    C
19281013   1984650
19281015   4095100
19281016   4498000
19281017   4214710
19281018   4499900
19281019   4650010
19281020   2304500
19281022   3887300
19281023   4295400
19281024   4666200
19281025   4351200
19281026   4715700
19281027   1753900
19281029   3761600
19281030   3471800
19281031   3583700
19281101   3583560
19281102   3693850
19281103   1425250
19281105     30300
19281106    C
19281107 4976800
19281108   4962700
19281109   5098410
19281110   3229690
19281112   5670600
19281113   5387450
19281114   5445800
19281115   4703510
19281116   6712600
19281117   6142500
19281119   5104920
19281120   6626650
19281121   6095000
19281122   5796900
19281123   6907800
19281124    C
19281126   5300800
19281127   5259300
19281128   6343300
19281129    C
19281130   6398500
19281201   2654340
19281203   4487330
19281204   4919900
19281205   4379250
19281206   5407590
19281207   6185000
19281208   3749890
19281210   5222400
19281211   3916060
19281212   3999360
19281213   3268100
19281214   3009010
19281215   1290850
19281217   2231100
19281218   2273430
19281219   3401240
19281220   3812520
19281221   3463600
19281222   1907110
19281223   6954020
19281224   3697900
19281226   3621900
19281226   5326750
19281227   3566750
19281227   5278370
19281228   4798200
19281228   6366690
19281229   2686820
19281230   6414600
19281231   4887700
19290102   5413610
19290103   5095580
19290104   5532200
19290105   2839680
19290107   4795000
19290108   3850300
19290109   4052900
19290110   4021670
19290111   4242400
19290112   1723700
19290114   3921050
19290115   4181350
19290116   3670300
19290117   4255100
19290118   4935550
19290119   2603200
19290121   4987500
19290122   5123800
19290123   4919600
19290124   4497100
19290125   5504900
19290126   2402750
19290128   4978900
19290129   4291600
19290130   4284450
19290131   4679750
19290201   4997700
19290202   2327800
19290204   4051400
19290205   4067900
19290206   4671800
19290207   5211900
19290208   4553250
19290211   3889100
19290213   4528210
19290214   3726050
19290215   3902450
19290216   2492000
19290218   3475550
19290219   3195300
19290220   2907000
19290221   3394990
19290225   3506150
19290226   3736200
19290227   4365600
19290228   4971250
19290301   6021300
19290302   2473480
19290304   4557300
19290305   4430000
19290306   4486600
19290307   3633460
19290308   3945400
19290309   1948050
19290311   3626850
19290312   3061750
19290313   3330050
19290314   4625350
19290315   5885170
19290316   2718260
19290318   5021120
19290319   4449660
19290320   5190570
19290321   4459440
19290322   4830930
19290323   2144570
19290325   5860210
19290326   8246740
19290327   5618990
19290328   5069320
19290401   4162830
19290402   3776370
19290403   3703450
19290404   3330060
19290405   3405740
19290406   1615090
19290408   2719880
19290409   3629390
19290410   3281900
19290411   3101830
19290412   3405420
19290413   1363090
19290415   2643260
19290416   2369480
19290417   3502520
19290418   3768650
19290419   3082250
19290420   1292310
19290422   3568990
19290423   4131930
19290424   4068200
19290425   3338010
19290426   4011890
19290427   1740510
19290429   3267300
19290430   4314580
19290501   4688900
19290502   4179590
19290503   4529490
19290504   1992930
19290506   3813080
19290507   3493360
19290508   3488280
19290509   3657310
19290510   3919880
19290511   1977700
19290513   4626290
19290514   3634300
19290515   3351880
19290516   3443210
19290517   3333640
19290518   1249640
19290520   3811850
19290521   4409520
19290522   4844130
19290523   3814220
19290524   3272030
19290525   1210430
19290527   4353670
19290528   3936580
19290529   2977150
19290531   3296490
19290601   1533770
19290603   3018210
19290604   3414200
19290605   3343860
19290606   2928200
19290607   3078150
19290608   1201500
19290610   2201230
19290611   2147650
19290612   2131390
19290613   3155880
19290614   3235400
19290615   1264420
19290617   3207760
19290618   3344220
19290619   3056930
19290620   2762360
19290621   3194303
19290622   1479880
19290624   3033120
19290625   2927720
19290626   4029740
19290627   3911970
19290628   3950140
19290629   1995770
19290701   4087420
19290702   4593790
19290703   4690250
19290705   3747640
19290706   1586260
19290708   3522160
19290709   4247250
19290710   4209630
19290711   4211310
19290712   4759180
19290713   2202800
19290715   4286020
19290716   4501920
19290717   4357620
19290718   3727710
19290719   4201000
19290720   1955670
19290722   3679480
19290723   3777410
19290724   3778960
19290725   3478830
19290726   3552160
19290727   1370610
19290729   2760280
19290730   2686290
19290731   3407040
19290801   3322740
19290802   4032420
19290803   1842080
19290805   3861840
19290806   3796050
19290807   3161350
19290808   2831370
19290809   5022360
19290810   1478450
19290812   3610090
19290813   4096730
19290814   4198820
19290815   3413930
19290816   4796030
19290817   2227250
19290819   3975550
19290820   4637930
19290821   4716530
19290822   3436200
19290823   4794820
19290824   2126920
19290826   4425090
19290827   3896440
19290828   3955800
19290829   3476140
19290830   4571960
19290903   4438910
19290904   4691980
19290905   5565280
19290906   5122610
19290907   2593400
19290909   4860010
19290910   4520630
19290911   4793470
19290912   5017310
19290913   5067360
19290914   2140920
19290916   4103530
19290917   4288250
19290918   4003750
19290919   4134460
19290920   4882440
19290921   2062890
19290923   4390550
19290924   4408900
19290925   4957260
19290926   4003860
19290927   4591590
19290928   2205260
19290930   3211500
19291001   4524810
19291002   3367610
19291003   4747330
19291004   5623900
19291005   2451870
19291007   4261900
19291008   3758090
19291009   3156740
19291010   3999730
19291011   3963820
19291014   2755850
19291015   3107050
19291016   4088000
19291017   3864150
19291018   3507740
19291019   3488100
19291021   6091870
19291022   4129820
19291023   6374960
19291024  12894650
19291025   5923220
19291026   2087660
19291028   9212800
19291029  16410030
19291030  10727320
19291031   7149390
19291104   6202930
19291106   5914760
19291107   7184060
19291108   3214660
19291111   3367150
19291112   6457770
19291113   7761450
19291114   5569360
19291115   4339980
19291118   2746770
19291119   2718010
19291120   2829040
19291121   3138680
19291122   2929230
19291125   3020130
19291126   2634110
19291127   2432330
19291202   2513240
19291203   3809150
19291204   4437460
19291205   4377110
19291206   4714800
19291207   3002560
19291209   5018050
19291210   3369600
19291211   3987300
19291212   4504860
19291213   4386960
19291214   1654220
19291216   2592110
19291217   2438080
19291218   2284850
19291219   3412020
19291220   5545650
19291221   1734930
19291223   3491770
19291224   1996050
19291226   2576740
19291227   3353840
19291228   1634510
19291230   4159860
19291231   2678070
