  DATE           Volume
  19400102       579010 
  19400103      1020690 
  19400104       855150 
  19400105       758090 
  19400106       341820 
  19400108       631960 
  19400109       671350 
  19400110       601250 
  19400111       844820 
  19400112      1109440 
  19400113       424130 
  19400115       861300 
  19400116       526380 
  19400117       474070 
  19400118       605420 
  19400119       638720 
  19400120       271170 
  19400122       438050 
  19400123       513440 
  19400124       711980 
  19400125       543550 
  19400126       603785 
  19400127       317280 
  19400129       489640 
  19400130       547960 
  19400131       610210 
  19400201       460535 
  19400202       514530 
  19400203       291240 
  19400205       413045 
  19400206       543070 
  19400207       491280 
  19400208       867820 
  19400209      1099340 
  19400210       319800 
  19400213       582180 
  19400214       650860 
  19400215       753715 
  19400216       684120 
  19400217       402090 
  19400219       633410 
  19400220       807760 
  19400221       783250 
  19400223       653760 
  19400224       377730 
  19400226       439840 
  19400227       511030 
  19400228       567710 
  19400229       622640 
  19400301       601250 
  19400302       274710 
  19400304       457670 
  19400305       572535 
  19400306       855030 
  19400307       691446 
  19400308       745050 
  19400309       331080 
  19400311       587680 
  19400312       884240 
  19400313       626090 
  19400314       662080 
  19400315       882130 
  19400316       478970 
  19400318       512520 
  19400319       654119 
  19400320       644530 
  19400321       579010 
  19400323       392470 
  19400325       594990 
  19400326       622600 
  19400327      1191870 
  19400328      1019888 
  19400329       836530 
  19400330       571880 
  19400401       749630 
  19400402       834930 
  19400403      1725340 
  19400404      1994360 
  19400405      1256290 
  19400406       710470 
  19400408      1260360 
  19400409      2135760 
  19400410      1287290 
  19400411       889490 
  19400412       826270 
  19400413       495370 
  19400415      1259540 
  19400416      1505760 
  19400417       902110 
  19400418      1205350 
  19400419      1154990 
  19400420       720660 
  19400422       868990 
  19400423       880670 
  19400424       852930 
  19400425       815420 
  19400426       854240 
  19400427       349040 
  19400429       568150 
  19400430       592280 
  19400501       810050 
  19400502       645420 
  19400503      1069590 
  19400504       316880 
  19400506       526290 
  19400507       580740 
  19400508       693500 
  19400509       847530 
  19400510      2086040 
  19400511       671970 
  19400513      2558990 
  19400514      3680520 
  19400515      3768310 
  19400516      2354380 
  19400517      3074940 
  19400518      1663270 
  19400520      1237280 
  19400521      3939610 
  19400522      2132630 
  19400523      1642450 
  19400524       871460 
  19400525       554330 
  19400527       791260 
  19400528      1263530 
  19400529       656982 
  19400531       526760 
  19400601       273445 
  19400603       445705 
  19400604       409800 
  19400605       668740 
  19400606       426915 
  19400607       469410 
  19400608       199270 
  19400610       971540 
  19400611       763890 
  19400612      1359890 
  19400613       876980 
  19400614       948410 
  19400615       559170 
  19400617      1207930 
  19400618       718810 
  19400619       563950 
  19400620       586200 
  19400621       333220 
  19400622       204340 
  19400624       471990 
  19400625       695870 
  19400626       634900 
  19400627       441020 
  19400628      1173100 
  19400629       170130 
  19400701       272920 
  19400702       320020 
  19400703       377170 
  19400705       283130 
  19400706       131870 
  19400708       232890 
  19400709       303530 
  19400710       282140 
  19400711       328330 
  19400712       255990 
  19400713       124030 
  19400715       226580 
  19400716       436940 
  19400717       382120 
  19400718       221640 
  19400719       255120 
  19400720      1112220 
  19400722       226820 
  19400723       251460 
  19400724       195300 
  19400725       244800 
  19400726       272010 
  19400727        83320 
  19400729       255990 
  19400730       673620 
  19400731       555360 
  19400801       327090 
  19400802       296840 
  19400803       121960 
  19400805       283950 
  19400806       289890 
  19400807       239790 
  19400808       206490 
  19400809       308390 
  19400810       180260 
  19400812       288340 
  19400813       641250 
  19400814       271870 
  19400815       223880 
  19400816       312300 
  19400817       106700 
  19400819       129650 
  19400820       242600 
  19400821       360310 
  19400822       441180 
  19400823       294460 
  19400824        88380 
  19400826       161440 
  19400827       224090 
  19400828       381580 
  19400829       264760 
  19400830       563510 
  19400831       363890 
  19400903       544550 
  19400904       782140 
  19400905      1247420 
  19400906       712520 
  19400907       224010 
  19400909       591920 
  19400910       363820 
  19400911       453090 
  19400912       399430 
  19400913       268180 
  19400914       166390 
  19400916       292610 
  19400917       399080 
  19400918       479290 
  19400919       469970 
  19400920       380650 
  19400921       258880 
  19400923       983250 
  19400924       710510 
  19400925       603460 
  19400926       440370 
  19400927       561420 
  19400928       204080 
  19400930       403170 
  19401001       808100 
  19401002       769700 
  19401003       784385 
  19401004       466080 
  19401005       195750 
  19401007       392390 
  19401008       501655 
  19401009       445660 
  19401010       383670 
  19401011       404250 
  19401014       404350 
  19401015       547400 
  19401016       663160 
  19401017       648600 
  19401018       590180 
  19401019       216440 
  19401021       373020 
  19401022       535630 
  19401023       807030 
  19401024       539870 
  19401025       518660 
  19401026       418070 
  19401028       470840 
  19401029       586065 
  19401030       674070 
  19401031      1344060 
  19401101      1258905 
  19401102       466860 
  19401104      1243280 
  19401106      1209320 
  19401107      2078770 
  19401108      1750930 
  19401109      1099290 
  19401112      1446971 
  19401113      1068250 
  19401114      1384290 
  19401115      1050050 
  19401116       488640 
  19401118       574050 
  19401119       702880 
  19401120       813750 
  19401122       714130 
  19401123       241060 
  19401125       521260 
  19401126       592670 
  19401127       846200 
  19401128       472440 
  19401129       527735 
  19401130       335580 
  19401202       478580 
  19401203       451400 
  19401204       651170 
  19401205       597600 
  19401206       535640 
  19401207       403877 
  19401209       632335 
  19401210       609995 
  19401211       810160 
  19401212       781510 
  19401213       961450 
  19401214       390360 
  19401216       660070 
  19401217       701910 
  19401218       781320 
  19401219       792030 
  19401220       832230 
  19401221       420992 
  19401223       817660 
  19401224       832950 
  19401226       838362 
  19401227      1272610 
  19401228       892100 
  19401230      1178177 
  19401231      1072670 
  19410102       527470 
  19410103       505940 
  19410104       384970 
  19410106       721300 
  19410107       525640 
  19410108       644260 
  19410109       859860 
  19410110       751770 
  19410111       361440 
  19410113       474670 
  19410114       469390 
  19410115       402960 
  19410116       610360 
  19410117       575880 
  19410118       249180 
  19410120       378860 
  19410121       578190 
  19410122       522690 
  19410123       466180 
  19410124       413070 
  19410125       219400 
  19410127       358220 
  19410128       469930 
  19410129       600090 
  19410130       775770 
  19410131       465470 
  19410201       308060 
  19410203       489265 
  19410204       352000 
  19410205       493060 
  19410206       424130 
  19410207       342100 
  19410208       175470 
  19410210       294910 
  19410211       415720 
  19410213       644040 
  19410214       925440 
  19410215       404030 
  19410217       357120 
  19410218       320270 
  19410219       465730 
  19410220       452030 
  19410221       298590 
  19410224       347730 
  19410225       356330 
  19410226       383570 
  19410227       313610 
  19410228       405990 
  19410301       141190 
  19410303       333480 
  19410304       308290 
  19410305       288270 
  19410306       481110 
  19410307       351200 
  19410308       153290 
  19410310       620710 
  19410311       509140 
  19410312       462300 
  19410313       340350 
  19410314       321214 
  19410315       265260 
  19410317       380050 
  19410318       406750 
  19410319       540440 
  19410320       490440 
  19410321       471660 
  19410322       269310 
  19410324       369520 
  19410325       447830 
  19410326       533820 
  19410327       550690 
  19410328       443010 
  19410329       209090 
  19410331       435610 
  19410401       433730 
  19410402       446210 
  19410403       942660 
  19410404       703320 
  19410405       225170 
  19410407       361370 
  19410408       735950 
  19410409       584720 
  19410410       357430 
  19410412       290390 
  19410414       458900 
  19410415       453400 
  19410416       436500 
  19410417       401490 
  19410418       485180 
  19410419       230110 
  19410421       430600 
  19410422       436160 
  19410423       474800 
  19410424       487670 
  19410425       424900 
  19410426       156050 
  19410428       310710 
  19410429       511890 
  19410430       406450 
  19410501       310140 
  19410502       400590 
  19410503       197750 
  19410505       415680 
  19410506       908200 
  19410507       558760 
  19410508       440500 
  19410509       397380 
  19410510       377170 
  19410512       435830 
  19410513       432050 
  19410514       321640 
  19410515       495990 
  19410516       286960 
  19410517       140540 
  19410519       223710 
  19410520       471150 
  19410521       544400 
  19410522       401630 
  19410523       263980 
  19410524       160260 
  19410526       300780 
  19410527       385790 
  19410528       344170 
  19410529       344900 
  19410531       107100 
  19410602       255308 
  19410603       417940 
  19410604       425935 
  19410605       604550 
  19410606       327370 
  19410607       183930 
  19410609       442610 
  19410610       825780 
  19410611       536960 
  19410612       564320 
  19410613       443580 
  19410614       193620 
  19410616       338230 
  19410617       404180 
  19410618       578840 
  19410619       459600 
  19410620       356170 
  19410621       125200 
  19410623       755540 
  19410624       444080 
  19410625       425630 
  19410626       531400 
  19410627       409040 
  19410628       139550 
  19410630       272450 
  19410701       346720 
  19410702       394340 
  19410703       464670 
  19410705       180470 
  19410707       897710 
  19410708      1384373 
  19410709      1097214 
  19410710       839695 
  19410711       806525 
  19410712       268040 
  19410714       562330 
  19410715       703100 
  19410716       643380 
  19410717       455770 
  19410718       423900 
  19410719       223640 
  19410721       905280 
  19410722      1351330 
  19410723       625980 
  19410724       623740 
  19410725       811630 
  19410726       362180 
  19410728       938350 
  19410729       963410 
  19410730       745090 
  19410731       853940 
  19410801       678990 
  19410802       363870 
  19410804       632790 
  19410805       641720 
  19410806       581070 
  19410807       497120 
  19410808       553080 
  19410809       321110 
  19410811       448130 
  19410812       428200 
  19410813       420740 
  19410814       415260 
  19410815       385570 
  19410816       119600 
  19410818       402160 
  19410819       390340 
  19410820       486580 
  19410821       388870 
  19410822       362200 
  19410823       150560 
  19410825       330370 
  19410826       458830 
  19410827       432510 
  19410828       401700 
  19410829       351680 
  19410830       213600 
  19410902       520630 
  19410903       464290 
  19410904       535696 
  19410905       574710 
  19410906       243570 
  19410908       616250 
  19410909       873980 
  19410910       524260 
  19410911       689650 
  19410912       519170 
  19410913       230060 
  19410915       464150 
  19410916       606390 
  19410917       886870 
  19410918       790865 
  19410919       578780 
  19410920       251430 
  19410922       423710 
  19410923       494060 
  19410924       551710 
  19410925      1169990 
  19410926       486380 
  19410927       194420 
  19410929       397960 
  19410930       457180 
  19411001       368795 
  19411002       464927 
  19411003       423550 
  19411004       214170 
  19411006       484500 
  19411007       602120 
  19411008       443840 
  19411009       717370 
  19411010       485020 
  19411011       227050 
  19411014       435420 
  19411015       482700 
  19411016       842360 
  19411017       672010 
  19411018       296130 
  19411020       622990 
  19411021       581424 
  19411022       487140 
  19411023       541020 
  19411024       704810 
  19411025       269140 
  19411027       478800 
  19411028       559730 
  19411029       553250 
  19411030       551860 
  19411031       641490 
  19411101       239630 
  19411103       596880 
  19411105       918600 
  19411106       668240 
  19411107       701270 
  19411108       288780 
  19411110       627100 
  19411112      1017630 
  19411113       830880 
  19411114       840442 
  19411115       353910 
  19411117       628210 
  19411118       678800 
  19411119       801530 
  19411121       853940 
  19411122       364270 
  19411124       820490 
  19411125       835390 
  19411126       850910 
  19411127       811480 
  19411128       868160 
  19411129       450600 
  19411201       836290 
  19411202      1183040 
  19411203      1091490 
  19411204      1127760 
  19411205       977180 
  19411206       519010 
  19411208      2027960 
  19411209      2555200 
  19411210      2088320 
  19411211      1400790 
  19411212      1118501 
  19411213       629310 
  19411215      1109840 
  19411216      1225993 
  19411217      1223500 
  19411218      1313400 
  19411219      1271269 
  19411220       628550 
  19411222      1459865 
  19411223      1419922 
  19411224      1374920 
  19411226      1411108 
  19411227      1162110 
  19411229      2925405 
  19411230      2559207 
  19411231      1750553 
  19420102       582220 
  19420103       516840 
  19420105       720520 
  19420106       801860 
  19420107       629570 
  19420108       532500 
  19420109       654890 
  19420110       293030 
  19420112       491540 
  19420113       725120 
  19420114       610200 
  19420115       445970 
  19420116       478800 
  19420117       221710 
  19420119       428760 
  19420120       487430 
  19420121       583850 
  19420122       429670 
  19420123       431550 
  19420124       291680 
  19420126       599200 
  19420127       549610 
  19420128       457800 
  19420129       423515 
  19420130       377690 
  19420131       228140 
  19420202       330270 
  19420203       373820 
  19420204       501630 
  19420205       439940 
  19420206       431960 
  19420207       223410 
  19420209       404220 
  19420210       639960 
  19420211       415940 
  19420213       319320 
  19420214       167370 
  19420216       376380 
  19420217       389000 
  19420218       343700 
  19420219       345155 
  19420220       326406 
  19420221       213990 
  19420224       393860 
  19420225       339130 
  19420226       353200 
  19420227       362640 
  19420228       234460 
  19420302       325405 
  19420303       409920 
  19420304       375770 
  19420305       449590 
  19420306       641460 
  19420307       271980 
  19420309       309350 
  19420310       334500 
  19420311       414390 
  19420312       455463 
  19420313       339790 
  19420314       174640 
  19420316       318410 
  19420317       501660 
  19420318       336180 
  19420319       274910 
  19420320       277270 
  19420321       160690 
  19420323       281410 
  19420324       363565 
  19420325       316345 
  19420326       301360 
  19420327       313440 
  19420328       131350 
  19420330       229290 
  19420331       279690 
  19420401       281220 
  19420402       371760 
  19420404       176210 
  19420406       335200 
  19420407       308320 
  19420408       295080 
  19420409       347380 
  19420410       295190 
  19420411       142560 
  19420413       237710 
  19420414       556980 
  19420415       347630 
  19420416       262720 
  19420417       418395 
  19420418       184660 
  19420420       240000 
  19420421       270250 
  19420422       257030 
  19420423       429473 
  19420424       390080 
  19420425       156400 
  19420427       281250 
  19420428       312794 
  19420429       412385 
  19420430       278620 
  19420501       300680 
  19420502       155910 
  19420504       259711 
  19420505       272900 
  19420506       267890 
  19420507       343250 
  19420508       313209 
  19420509       208000 
  19420511       290650 
  19420512       249200 
  19420513       336980 
  19420514       278857 
  19420515       257120 
  19420516       122130 
  19420518       216620 
  19420519       377140 
  19420520       405460 
  19420521       558500 
  19420522       329460 
  19420523       131630 
  19420525       233270 
  19420526       284930 
  19420527       433830 
  19420528       353900 
  19420529       247870 
  19420601       308830 
  19420602       316050 
  19420603       334020 
  19420604       524300 
  19420605       486170 
  19420606       192760 
  19420608       355690 
  19420609       397680 
  19420610       313300 
  19420611       281910 
  19420612       220220 
  19420613       108740 
  19420615       262840 
  19420616       278590 
  19420617       388480 
  19420618       359120 
  19420619       287510 
  19420620       127060 
  19420622       313000 
  19420623       207980 
  19420624       243680 
  19420625       245420 
  19420626       289030 
  19420627       113290 
  19420629       262293 
  19420630       248480 
  19420701       206680 
  19420702       343350 
  19420703       356550 
  19420706       420210 
  19420707       332440 
  19420708       576860 
  19420709       844290 
  19420710       435415 
  19420711       153650 
  19420713       278840 
  19420714       372650 
  19420715       385480 
  19420716       265390 
  19420717       282770 
  19420718        99810 
  19420720       213828 
  19420721       283882 
  19420722       435510 
  19420723       333235 
  19420724       261840 
  19420725       115970 
  19420727       259530 
  19420728       264940 
  19420729       292590 
  19420730       250640 
  19420731       307200 
  19420801       114830 
  19420803       279220 
  19420804       319180 
  19420805       289919 
  19420806       248773 
  19420807       212250 
  19420808       101100 
  19420810       209941 
  19420811       258610 
  19420812       283058 
  19420813       317140 
  19420814       379580 
  19420815       126900 
  19420817       293810 
  19420818       556830 
  19420819       503810 
  19420820       305840 
  19420821       370960 
  19420822       180410 
  19420824       376140 
  19420825       345150 
  19420826       357710 
  19420827       271130 
  19420828       300180 
  19420829       137490 
  19420831       247380 
  19420901       291320 
  19420902       269640 
  19420903       282940 
  19420904       309270 
  19420905       145270 
  19420908       399130 
  19420909       361980 
  19420910       344993 
  19420911       376460 
  19420912       116450 
  19420914       312510 
  19420915       386300 
  19420916       378120 
  19420917       407650 
  19420918       417470 
  19420919       178480 
  19420921       320290 
  19420922       521930 
  19420923       700900 
  19420924       851110 
  19420925       680426 
  19420926       226825 
  19420928       401760 
  19420929       426830 
  19420930       341880 
  19421001       556380 
  19421002       904390 
  19421003       445920 
  19421005       785680 
  19421006       700900 
  19421007       656715 
  19421008      1091560 
  19421009      1054470 
  19421010       455800 
  19421013       857200 
  19421014       660010 
  19421015       596370 
  19421016       504890 
  19421017       245250 
  19421019       401090 
  19421020       667330 
  19421021       700500 
  19421022       554130 
  19421023       726930 
  19421024       290180 
  19421026       629100 
  19421027       628640 
  19421028       496950 
  19421029       454940 
  19421030       517060 
  19421031       350210 
  19421102       757360 
  19421104       771830 
  19421105       598360 
  19421106       856830 
  19421107       553280 
  19421109      1207643 
  19421110       772220 
  19421112       704680 
  19421113       665940 
  19421114       260620 
  19421116       521190 
  19421117       666280 
  19421118       514290 
  19421119       502592 
  19421120       658980 
  19421121       310700 
  19421123       632210 
  19421124       636490 
  19421125       565470 
  19421127       524770 
  19421128       283190 
  19421130       472100 
  19421201       561220 
  19421202       539921 
  19421203       630420 
  19421204       530033 
  19421205       246016 
  19421207       494540 
  19421208       618238 
  19421209       616377 
  19421210       573710 
  19421211       641330 
  19421212       340730 
  19421214       684505 
  19421215       696270 
  19421216       906200 
  19421217      1307730 
  19421218      1088284 
  19421219       372060 
  19421221       771176 
  19421222       780250 
  19421223       924278 
  19421224       803648 
  19421226       370695 
  19421228      1201522 
  19421229      1440670 
  19421230      1121924 
  19421231      1051015 
  19430102       259940 
  19430104       620350 
  19430105       673606 
  19430106       554440 
  19430107       710770 
  19430108       801150 
  19430109       437790 
  19430111       810960 
  19430112       633281 
  19430113       632500 
  19430114       681570 
  19430115       998250 
  19430116       504780 
  19430118       708280 
  19430119       771275 
  19430120       518340 
  19430121       810270 
  19430122       883410 
  19430123       321780 
  19430125       803790 
  19430126      1042680 
  19430127      1027160 
  19430128       988240 
  19430129      1225520 
  19430130       612010 
  19430201      1086750 
  19430202      1053130 
  19430203       826240 
  19430204       794630 
  19430205       875470 
  19430206       500250 
  19430208       727160 
  19430209       924044 
  19430210      1495420 
  19430211      1408170 
  19430213       794390 
  19430215      1835840 
  19430216      1182330 
  19430217      1097105 
  19430218      1039540 
  19430219       896750 
  19430220       619820 
  19430223      1427405 
  19430224      1691110 
  19430225      1777290 
  19430226      1438370 
  19430227       942870 
  19430301      2000890 
  19430302      1327610 
  19430303      2017680 
  19430304      2007450 
  19430305      1208870 
  19430306       787800 
  19430308      1245750 
  19430309      1420213 
  19430310       928950 
  19430311      1429710 
  19430312      1972060 
  19430313       829830 
  19430315      1365420 
  19430316      1026620 
  19430317      1268450 
  19430318       865910 
  19430319      1065330 
  19430320       484290 
  19430322       851450 
  19430323      1191970 
  19430324      1161080 
  19430325      2121410 
  19430326      2142880 
  19430327       798030 
  19430329      1999260 
  19430330      1938040 
  19430331      1540290 
  19430401      1741960 
  19430402      1659140 
  19430403       835610 
  19430405      2647920 
  19430406      2463900 
  19430407      2099582 
  19430408      1809640 
  19430409      2521410 
  19430410      1056510 
  19430412      1266000 
  19430413      1408040 
  19430414      1085370 
  19430415      1391520 
  19430416       902949 
  19430417       458805 
  19430419       907440 
  19430420       731860 
  19430421      1141368 
  19430422      1249290 
  19430424       642190 
  19430426      1125305 
  19430427       827870 
  19430428       880170 
  19430429      1340820 
  19430430      1358890 
  19430501       843855 
  19430503      2349090 
  19430504      2805294 
  19430505      2470175 
  19430506      2078020 
  19430507      2149611 
  19430508      1063210 
  19430510      2515490 
  19430511      1788335 
  19430512      1433890 
  19430513      1028307 
  19430514      1626734 
  19430515       640210 
  19430517       848310 
  19430518       930060 
  19430519      1493300 
  19430520      1298770 
  19430521       922440 
  19430522       433380 
  19430524       789775 
  19430525       889260 
  19430526      1321870 
  19430527      1468440 
  19430528      1047729 
  19430529       815990 
  19430601      1259600 
  19430602      1310490 
  19430603      1178560 
  19430604      1254855 
  19430605       732950 
  19430607      1212820 
  19430608      1077520 
  19430609       807560 
  19430610       904900 
  19430611       840510 
  19430612       419260 
  19430614      1352100 
  19430615      1010440 
  19430616       877010 
  19430617       740670 
  19430618       682590 
  19430619       302930 
  19430621       714540 
  19430622       698170 
  19430623       830230 
  19430624       728950 
  19430625      1146660 
  19430626       553500 
  19430628      1029060 
  19430629       807560 
  19430630       942410 
  19430701      1152580 
  19430702       892679 
  19430703       452250 
  19430706       962185 
  19430707       708960 
  19430708       960190 
  19430709      1053300 
  19430710       478170 
  19430712      1054120 
  19430713      1394110 
  19430714      1678948 
  19430715      1223050 
  19430716      1040750 
  19430717       397040 
  19430719       834120 
  19430720       990930 
  19430721       765250 
  19430722       822460 
  19430723       914250 
  19430724       387060 
  19430726      1455740 
  19430727      1786390 
  19430728      1847990 
  19430729      1023590 
  19430730      1224770 
  19430731       823450 
  19430802      1345210 
  19430803      1203830 
  19430804       733790 
  19430805       541630 
  19430806       614920 
  19430807       290760 
  19430809       563440 
  19430810       651030 
  19430811       620200 
  19430812       454088 
  19430813       435080 
  19430814       209800 
  19430816       488870 
  19430817       553306 
  19430818       560191 
  19430819       468727 
  19430820       543559 
  19430821       326450 
  19430823       719490 
  19430824       482530 
  19430825       457280 
  19430826       434600 
  19430827       415315 
  19430828       188590 
  19430830       334870 
  19430831       614420 
  19430901       567846 
  19430902       490355 
  19430903       397875 
  19430904       173570 
  19430907       345640 
  19430908       797600 
  19430909      1092100 
  19430910       760190 
  19430913       506380 
  19430914       439415 
  19430915       595580 
  19430916       534217 
  19430917       894155 
  19430918       685517 
  19430920      1098320 
  19430921       743366 
  19430922       661060 
  19430923       667330 
  19430924       641840 
  19430925       330760 
  19430927       621860 
  19430928       607020 
  19430929       466480 
  19430930       570734 
  19431001       558540 
  19431002       271840 
  19431004       497100 
  19431005       489865 
  19431006       715860 
  19431007       854370 
  19431008       558790 
  19431009       225970 
  19431011       479585 
  19431013       591830 
  19431014       474073 
  19431015       555600 
  19431016       266810 
  19431018       540645 
  19431019       608320 
  19431020       611090 
  19431021       591490 
  19431022       560400 
  19431023       326070 
  19431025       651370 
  19431026       895870 
  19431027       877040 
  19431028       714510 
  19431029       668010 
  19431030       337630 
  19431101       648660 
  19431103      1072250 
  19431104      1154240 
  19431105       795080 
  19431106       337110 
  19431108      2340180 
  19431109      1507440 
  19431110       926070 
  19431112       796367 
  19431113       314106 
  19431115       682490 
  19431116       622195 
  19431117       828070 
  19431118       620380 
  19431119       906290 
  19431120       481976 
  19431122       609540 
  19431123       540157 
  19431124       706710 
  19431126       601150 
  19431127       341070 
  19431129       702700 
  19431130       711780 
  19431201       711270 
  19431202       715280 
  19431203       557870 
  19431204       301730 
  19431206       823500 
  19431207       883750 
  19431208      1320000 
  19431209       856030 
  19431210       866540 
  19431211       424300 
  19431213       731010 
  19431214       683070 
  19431215       664130 
  19431216       761420 
  19431217       874650 
  19431218       482630 
  19431220       854790 
  19431221       656320 
  19431222       563530 
  19431223       580480 
  19431224       511780 
  19431227       650970 
  19431228       921720 
  19431229       997150 
  19431230      1143150 
  19431231       989590 
  19440103       516960 
  19440104       732280 
  19440105      1157120 
  19440106       843670 
  19440107       833180 
  19440108       346150 
  19440110       722170 
  19440111       996220 
  19440112       705021 
  19440113       677989 
  19440114       934920 
  19440115       661940 
  19440117       816360 
  19440118       815180 
  19440119       639230 
  19440120       730440 
  19440121       813780 
  19440122       520510 
  19440124       690200 
  19440125       688089 
  19440126       778495 
  19440127       595190 
  19440128       618650 
  19440129       345310 
  19440131       632340 
  19440201       855390 
  19440202       903450 
  19440203       963060 
  19440204       600420 
  19440205       310240 
  19440207       572576 
  19440208       608390 
  19440209       625795 
  19440210       860080 
  19440211       844700 
  19440214       548280 
  19440215      1026340 
  19440216       871750 
  19440217       902140 
  19440218       669973 
  19440219       346103 
  19440221       594435 
  19440223       943184 
  19440224      1162110 
  19440225       900186 
  19440226       372710 
  19440228       753870 
  19440229       865590 
  19440301       632590 
  19440302       705850 
  19440303       756710 
  19440304       332440 
  19440306       751240 
  19440307      1206830 
  19440308      1692575 
  19440309       933933 
  19440310      1147720 
  19440311       680320 
  19440313      1618920 
  19440314      1006740 
  19440315      1184680 
  19440316      1593665 
  19440317      1352625 
  19440318       727200 
  19440320      1196210 
  19440321      1464470 
  19440322      1572030 
  19440323      1173510 
  19440324       841670 
  19440325       447730 
  19440327       692650 
  19440328      1344220 
  19440329      1107320 
  19440330       681790 
  19440331       797400 
  19440401       322730 
  19440403       692810 
  19440404       572400 
  19440405       772390 
  19440406       757680 
  19440408       364900 
  19440410       565570 
  19440411       732090 
  19440412       718410 
  19440413       659590 
  19440414       477220 
  19440415       241860 
  19440417       537720 
  19440418      1193350 
  19440419       904395 
  19440420       533740 
  19440421       481240 
  19440422       258240 
  19440424       688450 
  19440425       553450 
  19440426       491415 
  19440427       520080 
  19440428       561230 
  19440429       245630 
  19440501       570570 
  19440502       571210 
  19440503       625540 
  19440504       513190 
  19440505       786890 
  19440506       330810 
  19440508       585510 
  19440509       620040 
  19440510       646560 
  19440511       618420 
  19440512       746950 
  19440513       220110 
  19440515       337030 
  19440516       536080 
  19440517       817570 
  19440518       944470 
  19440519       789300 
  19440520       361570 
  19440522       700800 
  19440523       765250 
  19440524      1090100 
  19440525       804210 
  19440526       835830 
  19440527       415300 
  19440529       812260 
  19440531      1182810 
  19440601      1193020 
  19440602       819300 
  19440603       385540 
  19440605       858990 
  19440606      1788760 
  19440607       856500 
  19440608       861860 
  19440609       849257 
  19440610       727170 
  19440612      2236780 
  19440613      2330920 
  19440614      1442580 
  19440615      1850614 
  19440616      2517340 
  19440617      1064480 
  19440619      2371080 
  19440620      1618970 
  19440621      1515840 
  19440622      1279150 
  19440623      1301015 
  19440624       558110 
  19440626      1720260 
  19440627      2179135 
  19440628      1745810 
  19440629      1889640 
  19440630      1750630 
  19440701       646540 
  19440703      1562400 
  19440705      2435770 
  19440706      1713100 
  19440707      1277430 
  19440708       855360 
  19440710      1836890 
  19440711      1347587 
  19440712      1416620 
  19440713      1376900 
  19440714      1087610 
  19440715       420640 
  19440717      1482440 
  19440718      1278760 
  19440719      1138700 
  19440720      1342910 
  19440721      1430770 
  19440722       837270 
  19440724      1005030 
  19440725       831423 
  19440726       828995 
  19440727       693730 
  19440728       562690 
  19440729       231260 
  19440731       578880 
  19440801       746410 
  19440802       797280 
  19440803       803650 
  19440804      1114600 
  19440805       463130 
  19440807      1071960 
  19440808      1270810 
  19440809       963410 
  19440810      1015730 
  19440811       944330 
  19440812       374470 
  19440814       687700 
  19440815       784050 
  19440816       860490 
  19440817      1238225 
  19440818      1151520 
  19440821       828020 
  19440822       802500 
  19440823       788130 
  19440824       773810 
  19440825       599240 
  19440828       554300 
  19440829       619760 
  19440830       894655 
  19440831       604740 
  19440901       637510 
  19440905       872850 
  19440906      1470260 
  19440907      1477770 
  19440908       628560 
  19440909       275690 
  19440911       571940 
  19440911       296480 
  19440912       546560 
  19440913       880420 
  19440914       727675 
  19440915       642280 
  19440916       275240 
  19440918       344855 
  19440919       714890 
  19440920       696080 
  19440921       560920 
  19440922       546460 
  19440923       311910 
  19440925       792590 
  19440926       601952 
  19440927       484020 
  19440928       636710 
  19440929       746550 
  19440930       502290 
  19441002       815940 
  19441003       746390 
  19441004       821030 
  19441005      1001200 
  19441006       802170 
  19441007       446915 
  19441009       611020 
  19441010       598210 
  19441011       717150 
  19441013       683595 
  19441014       349380 
  19441016       583450 
  19441017       670790 
  19441018       908215 
  19441019       828700 
  19441020       744615 
  19441021       356530 
  19441023      1024690 
  19441024       853820 
  19441025       638225 
  19441026       927090 
  19441027       827335 
  19441028       296150 
  19441030       604997 
  19441031       676210 
  19441101       708069 
  19441102       790140 
  19441103       730340 
  19441104       358030 
  19441106       866230 
  19441108       732330 
  19441109       851100 
  19441110      1120620 
  19441113       917760 
  19441114      1100980 
  19441115       818310 
  19441116       847260 
  19441117       705660 
  19441118       362220 
  19441120       691840 
  19441121       863720 
  19441122       767010 
  19441124       677880 
  19441125       358050 
  19441127       737534 
  19441128       867890 
  19441129      1161246 
  19441130       984800 
  19441201       924880 
  19441202       705650 
  19441204      1427780 
  19441205      1475770 
  19441206      1094388 
  19441207      1344954 
  19441208      1682940 
  19441209      1044800 
  19441211      1502350 
  19441212      1154940 
  19441213      1127730 
  19441214      1386170 
  19441215      2135780 
  19441216      1021340 
  19441218       980948 
  19441219      1282930 
  19441220      1482500 
  19441221       951230 
  19441222      1280640 
  19441223       529850 
  19441226       996709 
  19441227      1582845 
  19441228      1232266 
  19441229      1893820 
  19441230      1016440 
  19450102      1341420 
  19450103      2163510 
  19450104      1826740 
  19450105      1798330 
  19450106       742990 
  19450108      1994622 
  19450109      2261940 
  19450110      2109695 
  19450111      2212920 
  19450112      1745310 
  19450113       774620 
  19450115      2013000 
  19450116      1208860 
  19450117      1832870 
  19450118      1631030 
  19450119      1609250 
  19450120       829020 
  19450122      1467370 
  19450123      1365850 
  19450124      1012460 
  19450125       973890 
  19450126      1254730 
  19450127       743300 
  19450129      1374050 
  19450130      1529458 
  19450131      1177960 
  19450201      1558510 
  19450202      1871100 
  19450203      1034800 
  19450205      1800140 
  19450206      1598120 
  19450207      1499470 
  19450208      1528490 
  19450209      1179520 
  19450210       505855 
  19450213      1797310 
  19450214      2057090 
  19450215      1869160 
  19450216      1895410 
  19450217       701360 
  19450219      1875540 
  19450220      1773260 
  19450221      1719890 
  19450223      1318830 
  19450224       623750 
  19450226      1257290 
  19450227      1190380 
  19450228      1957310 
  19450301      2086191 
  19450302      1767065 
  19450303       681250 
  19450305      1191800 
  19450306      1692724 
  19450307      1401370 
  19450308      1863798 
  19450309      2062280 
  19450310       754310 
  19450312       916045 
  19450313       760500 
  19450314       751130 
  19450315       797480 
  19450316       879060 
  19450317       399250 
  19450319      1067200 
  19450320       922290 
  19450321      1342510 
  19450322       828740 
  19450323       678310 
  19450324       451640 
  19450326      1387430 
  19450327      1106185 
  19450328       724145 
  19450329       658320 
  19450331       321220 
  19450402       646510 
  19450403       729960 
  19450404       515910 
  19450405       683850 
  19450406       611790 
  19450407       372420 
  19450409       565230 
  19450410       756190 
  19450411      1060210 
  19450412      1055880 
  19450413      1803900 
  19450416      2504310 
  19450417      2071845 
  19450418      1710240 
  19450419      1680290 
  19450420      1127059 
  19450421       590240 
  19450423      1375850 
  19450424      1825580 
  19450425      1419028 
  19450426      1366740 
  19450427      1359870 
  19450428       933250 
  19450430      1504290 
  19450501      1531940 
  19450502      1142130 
  19450503      1334870 
  19450504      1405670 
  19450505       933640 
  19450507      1951070 
  19450508      1577900 
  19450509      1491460 
  19450510      1509330 
  19450511      1066747 
  19450512       562470 
  19450514       979770 
  19450515      1009110 
  19450516      1206240 
  19450517      1369550 
  19450518      1432220 
  19450519       727530 
  19450521      1082141 
  19450522      1049120 
  19450523      1312530 
  19450524       961970 
  19450525      1304290 
  19450526       696850 
  19450528      1570036 
  19450529      1600724 
  19450531      1214710 
  19450601      1429281 
  19450602       980530 
  19450604      1538700 
  19450605      1510330 
  19450606      1518930 
  19450607      1295100 
  19450608      1708315 
  19450609       662950 
  19450611      1486640 
  19450612      1315140 
  19450613      1593650 
  19450614      1851800 
  19450615      1904270 
  19450616      1102500 
  19450618      1934760 
  19450619      1562030 
  19450620      1684140 
  19450621      2099340 
  19450622      1851860 
  19450623       955820 
  19450625      1885190 
  19450626      2137230 
  19450627      1687720 
  19450628      2936050 
  19450629      2017520 
  19450630       660450 
  19450702      1379700 
  19450703       860815 
  19450705       914980 
  19450706       959485 
  19450709       796540 
  19450710       939240 
  19450711       814180 
  19450712       967870 
  19450713       960620 
  19450716       787420 
  19450717      1556220 
  19450718      1452230 
  19450719       782010 
  19450720       650770 
  19450723       754700 
  19450724       637840 
  19450725       617070 
  19450726      1440520 
  19450727       924250 
  19450730       909240 
  19450731       871330 
  19450801       651190 
  19450801       651190 
  19450802       598440 
  19450802       598440 
  19450803       511130 
  19450803       511130 
  19450806       491980 
  19450806       491980 
  19450807       978310 
  19450807       978310 
  19450808       700960 
  19450808       700960 
  19450809      1474510 
  19450809      1474510 
  19450810      1689020 
  19450810      1689020 
  19450813       974580 
  19450813       974580 
  19450814       914150 
  19450814       914150 
  19450817      1207570 
  19450817      1207570 
  19450820      1323340 
  19450820      1323340 
  19450821      1152000 
  19450821      1152000 
  19450822       764450 
  19450822       764450 
  19450823      1193940 
  19450823      1193940 
  19450824      1321950 
  19450824      1321950 
  19450827      1567600 
  19450827      1567600 
  19450828      1264780 
  19450828      1264780 
  19450829       932660 
  19450829       932660 
  19450830       887269 
  19450830       887269 
  19450831      1114420 
  19450831      1114420 
  19450904      1070330 
  19450905       978150 
  19450906      1376400 
  19450907      1326410 
  19450908       389320 
  19450910      1111420 
  19450911      1125700 
  19450912      1340560 
  19450913      1168160 
  19450914      1024260 
  19450915       654980 
  19450917       898260 
  19450918      1155580 
  19450919      1693080 
  19450920      1500590 
  19450921      1335065 
  19450922       482130 
  19450924       891560 
  19450925      1186400 
  19450926      1037601 
  19450927      1059530 
  19450928      1376820 
  19450929       952610 
  19451001      1985790 
  19451002      1800390 
  19451003      1432430 
  19451004      1336330 
  19451005      1420910 
  19451006       768160 
  19451008      1781225 
  19451009      1634780 
  19451010      1696954 
  19451011      1559340 
  19451015      1626350 
  19451016      1628850 
  19451017      1795580 
  19451018      1673630 
  19451019      1733700 
  19451020       709430 
  19451022      1136370 
  19451023      1369690 
  19451024      1369150 
  19451025      1232390 
  19451026      1295170 
  19451029      1256340 
  19451030      1169120 
  19451031      2064268 
  19451101      2212860 
  19451102      1841390 
  19451103       919720 
  19451105      1654440 
  19451107      2384330 
  19451108      1962887 
  19451109      1829580 
  19451110      1118260 
  19451113      2497280 
  19451114      1607265 
  19451115      2010320 
  19451116      2336290 
  19451117      1087270 
  19451119      2020870 
  19451120      2181690 
  19451121      1913340 
  19451123      1348550 
  19451124       740150 
  19451126      1532690 
  19451127      1834230 
  19451128      1804211 
  19451129      1751160 
  19451130      1816790 
  19451201      1220210 
  19451203      2606150 
  19451204      2311630 
  19451205      1859440 
  19451206      2286700 
  19451207      2048490 
  19451208      1262700 
  19451210      2142818 
  19451211      1692495 
  19451212      1683670 
  19451213      1223120 
  19451214      1126560 
  19451215       619360 
  19451217      1987060 
  19451218      1354520 
  19451219       974590 
  19451220       797335 
  19451221       942196 
  19451222       611420 
  19451226      1414713 
  19451227      1324766 
  19451228      1093020 
  19451229       555400 
  19451231      1012368 
  19460102      1052240 
  19460103      1386320 
  19460104      1074660 
  19460105       528250 
  19460107      1230420 
  19460108      2159870 
  19460109      2924980 
  19460110      2469510 
  19460111      2254150 
  19460112      1250740 
  19460114      2739900 
  19460115      2718856 
  19460116      2097306 
  19460117      2199900 
  19460118      3232165 
  19460119      1679900 
  19460121      1675030 
  19460122      1527910 
  19460123      2047770 
  19460124      2208180 
  19460125      1762190 
  19460126       921420 
  19460128      3490160 
  19460129      2914290 
  19460130      2276500 
  19460131      1687580 
  19460201      1555520 
  19460202       997060 
  19460204      1660995 
  19460205      1674210 
  19460206      1753200 
  19460207      1487470 
  19460208      1255780 
  19460209       922495 
  19460211      1444300 
  19460213      1691310 
  19460214      1289570 
  19460215      1776755 
  19460216      1378690 
  19460218      1563400 
  19460219      2300530 
  19460220      2145920 
  19460221      1588320 
  19460225      2389950 
  19460226      2646650 
  19460227      1395640 
  19460228      1174980 
  19460301       822170 
  19460302       518700 
  19460304       964910 
  19460305      1044660 
  19460306       885550 
  19460307       901220 
  19460308       965570 
  19460309       464010 
  19460311       876610 
  19460312       721360 
  19460313      1621880 
  19460314      1089599 
  19460315      1061254 
  19460316       552322 
  19460318      1065550 
  19460319      1052290 
  19460320      1282040 
  19460321      1205100 
  19460322      1178730 
  19460323       585990 
  19460325      1635530 
  19460326      1437500 
  19460327      1002920 
  19460328       895350 
  19460329      1224620 
  19460330       608330 
  19460401      1045560 
  19460402      1044410 
  19460403      1556550 
  19460404      2130950 
  19460405      1659300 
  19460406       691780 
  19460408      1246410 
  19460409      1705770 
  19460410      1578450 
  19460411      1208910 
  19460412      1235080 
  19460413       616370 
  19460415      1173380 
  19460416      1459340 
  19460417      1526940 
  19460418      1495600 
  19460420       774680 
  19460422      1213175 
  19460423      1375720 
  19460424      1502150 
  19460425      1385090 
  19460426      1211360 
  19460427       594590 
  19460429       999170 
  19460430       995980 
  19460501       978120 
  19460502      1000640 
  19460503      1014750 
  19460504       457050 
  19460506      1078340 
  19460507      1345250 
  19460508      1213430 
  19460509      1072220 
  19460510      1819880 
  19460511       897770 
  19460513      1250960 
  19460514      1141970 
  19460515      1019610 
  19460516      1141220 
  19460517       978880 
  19460518       414850 
  19460520       914050 
  19460521      1246720 
  19460522      1614290 
  19460523      1350140 
  19460524      1212940 
  19460527      1726259 
  19460528      2215430 
  19460529      1996750 
  19460531      1308290 
  19460603      1210120 
  19460604      1207740 
  19460605      1167970 
  19460606       975940 
  19460607      1020560 
  19460610      1007630 
  19460611      1087342 
  19460612       970290 
  19460613      1148120 
  19460614       978490 
  19460617      1020470 
  19460618      1149990 
  19460619      1013360 
  19460620      1311630 
  19460621      1338880 
  19460624       992900 
  19460625       881380 
  19460626      1019550 
  19460627      1201820 
  19460628      1012690 
  19460701      1564790 
  19460702       755080 
  19460703       652640 
  19460705       486820 
  19460708       678440 
  19460709       787290 
  19460710       907650 
  19460711       993240 
  19460712      1134170 
  19460715      1174150 
  19460716      1181160 
  19460717       921250 
  19460718       728840 
  19460719       654260 
  19460722       691540 
  19460723      1685250 
  19460724      1173180 
  19460725       898620 
  19460726       977840 
  19460729       718640 
  19460730       807280 
  19460731      1022970 
  19460801       830950 
  19460802       746850 
  19460805       703170 
  19460806       729820 
  19460807       874560 
  19460808       885142 
  19460809       909250 
  19460812       702660 
  19460813       927730 
  19460814       803260 
  19460815       620520 
  19460816       692480 
  19460819       660800 
  19460820       696330 
  19460821       836960 
  19460822      1539690 
  19460823       771800 
  19460826       758340 
  19460827      1788580 
  19460828      2100420 
  19460829      1062620 
  19460830      1165150 
  19460903      2904760 
  19460904      3624010 
  19460905      2355750 
  19460906      1674120 
  19460909      2834710 
  19460910      3298850 
  19460911      2868530 
  19460912      2006850 
  19460913      1714960 
  19460916      1490830 
  19460917      1387350 
  19460918      2102340 
  19460919      2886010 
  19460920      2821290 
  19460923      2114550 
  19460924      2225470 
  19460925      1802890 
  19460926      1304180 
  19460927       974650 
  19460930      1058116 
  19461001       888205 
  19461002       958490 
  19461003       919040 
  19461004       916830 
  19461005       374010 
  19461007       946680 
  19461008      1255290 
  19461009      2020070 
  19461010      2222790 
  19461011      1465860 
  19461014      1285280 
  19461015      2374370 
  19461016      1647880 
  19461017      1312660 
  19461018       918705 
  19461019       299630 
  19461021       838120 
  19461022       865140 
  19461023       947080 
  19461024       856270 
  19461025       922170 
  19461026       285790 
  19461028       994720 
  19461029      1238340 
  19461030      1935640 
  19461031      1694810 
  19461101      1666670 
  19461102       693850 
  19461104      1828034 
  19461106      1996960 
  19461107      1143860 
  19461108       997800 
  19461109       593450 
  19461112      1364620 
  19461113      1045490 
  19461114       954730 
  19461115       931920 
  19461116       316760 
  19461118       769650 
  19461119       914070 
  19461120       969390 
  19461121      1382370 
  19461122      1202540 
  19461123       624180 
  19461125       786860 
  19461126      1081965 
  19461127      1072130 
  19461129      1013070 
  19461130       468990 
  19461202       811640 
  19461203       954920 
  19461204      1437310 
  19461205      1000180 
  19461206      1055050 
  19461207       856960 
  19461209      2841010 
  19461210      1728090 
  19461211      1225940 
  19461212      1056750 
  19461213       999210 
  19461214       548990 
  19461216      1014300 
  19461217      1017540 
  19461218      1107490 
  19461219      1737100 
  19461220      1466830 
  19461221       629400 
  19461223      1166450 
  19461224       948360 
  19461226      1152390 
  19461227      1286687 
  19461228       565955 
  19461230      1403685 
  19461231      1821345 
  19470102       752780 
  19470103       883060 
  19470104       296320 
  19470106       977340 
  19470107       983130 
  19470108       785650 
  19470109       714940 
  19470110      1056790 
  19470111       628260 
  19470113      1590720 
  19470114       852110 
  19470115       767200 
  19470116      1044950 
  19470117       854040 
  19470118       787100 
  19470120       806530 
  19470121       696070 
  19470122       665650 
  19470123       875050 
  19470124       953540 
  19470125       429140 
  19470127       899033 
  19470128      1081310 
  19470129      1525840 
  19470130      1344140 
  19470131      1306110 
  19470201       876914 
  19470203      1361580 
  19470204      1344770 
  19470205      1175583 
  19470206      1118530 
  19470207      1974510 
  19470208       933260 
  19470210      1304390 
  19470211      1299570 
  19470213      1336280 
  19470214       941610 
  19470215       435610 
  19470217       873580 
  19470218       865070 
  19470219       977810 
  19470220      1000040 
  19470221       862180 
  19470224       808860 
  19470225      1276550 
  19470226      1345900 
  19470227       960750 
  19470228       684530 
  19470301       300600 
  19470303       686510 
  19470304       678540 
  19470305       986910 
  19470306      1017340 
  19470307      1211520 
  19470308       740650 
  19470310       833820 
  19470311      1193650 
  19470312       945080 
  19470313       649530 
  19470314       818440 
  19470315       367630 
  19470317       640180 
  19470318       657880 
  19470319       756280 
  19470320       631530 
  19470321       712250 
  19470322       340740 
  19470324       581200 
  19470325       659910 
  19470326       944290 
  19470327      1143320 
  19470328       827060 
  19470329       291910 
  19470331       720130 
  19470401       771450 
  19470402       676580 
  19470403       680040 
  19470405       272290 
  19470407       633010 
  19470408      1020490 
  19470409       849400 
  19470410       675530 
  19470411       854810 
  19470412       630670 
  19470414      2196660 
  19470415      1448500 
  19470416       900610 
  19470417       761390 
  19470418       972860 
  19470419       686460 
  19470421      1158460 
  19470422       830610 
  19470423       695960 
  19470424       624450 
  19470425       775820 
  19470426       294370 
  19470428       587990 
  19470429       840560 
  19470430       780580 
  19470501       915500 
  19470502       954460 
  19470503       249730 
  19470505       735600 
  19470506       744521 
  19470507       596240 
  19470508       668180 
  19470509       723120 
  19470510       235110 
  19470512       698884 
  19470513      1210751 
  19470514      1050650 
  19470515       771070 
  19470516      1428520 
  19470517       978170 
  19470519      1859130 
  19470520       916980 
  19470521      1024670 
  19470522       950810 
  19470523       676160 
  19470524       229520 
  19470526       543390 
  19470527       663350 
  19470528       888880 
  19470529       902390 
  19470602       522570 
  19470603       685550 
  19470604       820350 
  19470605       517210 
  19470606       663570 
  19470609       552340 
  19470610       654140 
  19470611      1349090 
  19470612      1040720 
  19470613       964110 
  19470616       987960 
  19470617       671400 
  19470618       911230 
  19470619      1009220 
  19470620      1130800 
  19470623       945340 
  19470624      1088540 
  19470625       827030 
  19470626       822190 
  19470627       652510 
  19470630       666870 
  19470701      1091160 
  19470702      1181680 
  19470703      1251645 
  19470707      1052090 
  19470708      1394039 
  19470709      1036490 
  19470710      1023710 
  19470711      1591460 
  19470714      1662080 
  19470715      1177880 
  19470716      1068550 
  19470717      1108350 
  19470718       922113 
  19470721       844820 
  19470722       782850 
  19470723      1071880 
  19470724      1569610 
  19470725      1153820 
  19470728      1088900 
  19470729      1391300 
  19470730      1171230 
  19470731       837130 
  19470801       767300 
  19470804       730730 
  19470805       747960 
  19470806       659860 
  19470807       662330 
  19470808       791233 
  19470811       715170 
  19470812       687250 
  19470813       694430 
  19470814       684630 
  19470815       880180 
  19470818       713420 
  19470819       602420 
  19470820       599155 
  19470821       576990 
  19470822       581080 
  19470825       811710 
  19470826       618630 
  19470827       475880 
  19470828       576570 
  19470829       576530 
  19470902       651910 
  19470903       651800 
  19470904       869360 
  19470905       718660 
  19470908       827240 
  19470909       751500 
  19470910       735160 
  19470911       803110 
  19470912       601350 
  19470915       500540 
  19470916       739820 
  19470917      1257910 
  19470918       936990 
  19470919       745060 
  19470922       673000 
  19470923       881820 
  19470924       571400 
  19470925       765470 
  19470926       640260 
  19470929       737990 
  19470930       956820 
  19471001      1154810 
  19471003      1265830 
  19471004       435440 
  19471006       929210 
  19471007       875520 
  19471008      1132220 
  19471009       788510 
  19471010      1123020 
  19471011       407390 
  19471014      1807620 
  19471015      1929440 
  19471016      1399610 
  19471017      1268150 
  19471018       479148 
  19471020      1773950 
  19471021      1395400 
  19471022      1263880 
  19471023      1188580 
  19471024      1653890 
  19471025       401550 
  19471027       850000 
  19471028       925641 
  19471029      1138480 
  19471030      1390820 
  19471031       802980 
  19471101       356340 
  19471102       853540 
  19471103       757330 
  19471105      1047281 
  19471106       847490 
  19471107       758290 
  19471108       254020 
  19471110       723370 
  19471112       896250 
  19471113       789811 
  19471114       781060 
  19471115       295160 
  19471117       751240 
  19471118       930090 
  19471119      1046700 
  19471120       961860 
  19471121       975520 
  19471122       324150 
  19471124       788280 
  19471125       864570 
  19471126       907460 
  19471128       927860 
  19471129       386790 
  19471201       797940 
  19471202       894000 
  19471203       927970 
  19471204       970890 
  19471205      1292270 
  19471206       420180 
  19471208       955961 
  19471209      1110300 
  19471210      1120340 
  19471211       935160 
  19471212      1224170 
  19471213       564910 
  19471215      1433820 
  19471216      1086330 
  19471217      1249590 
  19471218      1127510 
  19471219      1246901 
  19471220       797430 
  19471222      1445600 
  19471223      1357530 
  19471224      1191070 
  19471226       932810 
  19471227       408810 
  19471229      1194340 
  19471230      1379060 
  19471231      1540380 
  19480102       704610 
  19480105      1087315 
  19480106      1029860 
  19480107       815300 
  19480108       889511 
  19480109       975670 
  19480110       380430 
  19480112       995720 
  19480113       949910 
  19480114       823700 
  19480115       783900 
  19480116       761310 
  19480117       302010 
  19480119      1052320 
  19480120       709410 
  19480121      1185320 
  19480122      1110070 
  19480123       788720 
  19480124       297880 
  19480126       650590 
  19480127       831440 
  19480128       857110 
  19480129      1064270 
  19480130       885430 
  19480131       285800 
  19480202       771110 
  19480203       699220 
  19480204      1197930 
  19480205      1203760 
  19480206       922260 
  19480207       331820 
  19480209       654830 
  19480210      1458280 
  19480211      1486620 
  19480213       928160 
  19480214       284700 
  19480216       831190 
  19480217       718690 
  19480218       605560 
  19480219       680470 
  19480220       701260 
  19480221       233130 
  19480224       641096 
  19480225       709580 
  19480226       623020 
  19480227       766400 
  19480228       352200 
  19480301       766590 
  19480302       774590 
  19480303       757090 
  19480304       582490 
  19480305       624775 
  19480306       321290 
  19480308       743080 
  19480309       656500 
  19480310       734170 
  19480311       823310 
  19480312       684770 
  19480313       345470 
  19480315       691070 
  19480316       941030 
  19480317       933310 
  19480318       884840 
  19480319      1160750 
  19480320      1264220 
  19480322      2036540 
  19480323      1163400 
  19480324      1038090 
  19480325      1040080 
  19480327       428110 
  19480329       762390 
  19480330      1056420 
  19480331      1778200 
  19480401      1488490 
  19480402      1079680 
  19480403       485710 
  19480405      1036930 
  19480406      1314350 
  19480407      1159930 
  19480408      1062710 
  19480409      1379060 
  19480410       519940 
  19480412      1024910 
  19480413       946060 
  19480414      1031630 
  19480415      1654010 
  19480416      2143200 
  19480417       578500 
  19480419      1526980 
  19480420      1695210 
  19480421      1673480 
  19480422      2325470 
  19480423      2474370 
  19480424       849240 
  19480426      1412710 
  19480427      1423650 
  19480428      1402780 
  19480429      1477080 
  19480430      1446485 
  19480501       476610 
  19480503      1151620 
  19480504      1463090 
  19480505      1236703 
  19480506      1307090 
  19480507      1665577 
  19480508       638660 
  19480510      1442050 
  19480511      1750080 
  19480512      1526200 
  19480513      2026730 
  19480514      3836500 
  19480515      2592440 
  19480517      3053588 
  19480518      2480340 
  19480519      1853330 
  19480520      2479960 
  19480521      2674730 
  19480522       830390 
  19480524      1558580 
  19480525      1810190 
  19480526      1840950 
  19480527      1832020 
  19480528      1241830 
  19480601      1304620 
  19480602      1297980 
  19480603      1296990 
  19480604      1103660 
  19480607       931230 
  19480608      1519100 
  19480609      1874910 
  19480610      1695080 
  19480611      1521400 
  19480614      1747207 
  19480615      1630595 
  19480616      1581990 
  19480617      1521000 
  19480618      1246060 
  19480621      1753850 
  19480622      1407710 
  19480623      1762030 
  19480624      1555600 
  19480625      1151690 
  19480628      1208410 
  19480629       817370 
  19480630       993730 
  19480701       821640 
  19480702       923315 
  19480706       945080 
  19480707       916170 
  19480708       999150 
  19480709      1371650 
  19480712      1296490 
  19480713      1198110 
  19480714      1337170 
  19480715      1619420 
  19480716      1760270 
  19480719      2567430 
  19480720      1469910 
  19480721      1202920 
  19480722       847520 
  19480723       818520 
  19480726       718670 
  19480727       866670 
  19480728       843405 
  19480729       750075 
  19480730      1311530 
  19480802       713985 
  19480803       716840 
  19480804       873190 
  19480805       882790 
  19480806       675700 
  19480809       667030 
  19480810       836200 
  19480811      1307150 
  19480812       629690 
  19480813       509378 
  19480816       464600 
  19480817       680629 
  19480818       636900 
  19480819       579913 
  19480820       713810 
  19480823       634080 
  19480824       617320 
  19480825       522750 
  19480826       544380 
  19480827       539540 
  19480830       688490 
  19480831       604910 
  19480901       923140 
  19480902       897170 
  19480903       662210 
  19480907       909375 
  19480908       881520 
  19480909      1196230 
  19480910       974430 
  19480913       677890 
  19480914       708120 
  19480915       710480 
  19480916       576160 
  19480917       678900 
  19480920      1264000 
  19480921       920870 
  19480922       747040 
  19480923       552310 
  19480924       647450 
  19480927      1213820 
  19480928       911590 
  19480929       808870 
  19480930       701955 
  19481001       675420 
  19481002       321710 
  19481004       607150 
  19481005       548300 
  19481006       711860 
  19481007       800100 
  19481008       627170 
  19481009       189850 
  19481011       507670 
  19481013       834090 
  19481014       975510 
  19481015       914190 
  19481016       393320 
  19481018      1033020 
  19481019      1031900 
  19481020      1180308 
  19481021      1203982 
  19481022      1801600 
  19481023       682310 
  19481025      1104050 
  19481026      1137190 
  19481027       969570 
  19481028       973250 
  19481029       862860 
  19481030       347690 
  19481101      1221610 
  19481103      3236710 
  19481104      1527130 
  19481105      2531290 
  19481106       875210 
  19481108      1125300 
  19481109      2261490 
  19481110      2101110 
  19481112      1105870 
  19481113       378540 
  19481115      1026720 
  19481116      1061940 
  19481117       974740 
  19481118       779520 
  19481119       992660 
  19481120       340380 
  19481122       885360 
  19481123      1011763 
  19481124      1292860 
  19481126      1036880 
  19481127       342740 
  19481129      1007890 
  19481130      1200840 
  19481201      1315420 
  19481202      1213050 
  19481203      1102940 
  19481204       512360 
  19481206      1182430 
  19481207      1156445 
  19481208      1137320 
  19481209      1221950 
  19481210      1037260 
  19481211       545130 
  19481213      1183380 
  19481214      1002340 
  19481215       921480 
  19481216      1005973 
  19481217      1006110 
  19481218       360030 
  19481220       983140 
  19481221      1000095 
  19481222       996480 
  19481223      1080540 
  19481224       972290 
  19481227      1059530 
  19481228      1650850 
  19481229      1381310 
  19481230      1384720 
  19481231      1550347 
  19490103       979980 
  19490104       640100 
  19490105       803750 
  19490106      1149430 
  19490107      1395950 
  19490108       370150 
  19490110       765770 
  19490111       710482 
  19490112       709840 
  19490113       700170 
  19490114       930270 
  19490115       268020 
  19490117       718660 
  19490118       766017 
  19490119       754800 
  19490120       817680 
  19490121       769930 
  19490122       280300 
  19490124       850750 
  19490125       814750 
  19490126      1035820 
  19490127       838030 
  19490128       841315 
  19490129       299880 
  19490131       613190 
  19490201       733670 
  19490202       722550 
  19490203       767620 
  19490204      1062900 
  19490205       785810 
  19490207      1328430 
  19490208       959680 
  19490209       880660 
  19490210       983480 
  19490211       881080 
  19490214       699730 
  19490215       607880 
  19490216       701000 
  19490217       959450 
  19490218       694570 
  19490219       245670 
  19490221       555640 
  19490223       771870 
  19490224       882870 
  19490225       825590 
  19490226       391289 
  19490228       738316 
  19490301       720350 
  19490302       692730 
  19490303       596570 
  19490304       730390 
  19490305       451490 
  19490307       840940 
  19490308       939930 
  19490309       641530 
  19490310       627730 
  19490311      1070720 
  19490312       394390 
  19490314       801310 
  19490315       734850 
  19490316       671810 
  19490317       762720 
  19490318       666150 
  19490319       256940 
  19490321       618550 
  19490322       843250 
  19490323       960260 
  19490324       918340 
  19490325       627810 
  19490326       236230 
  19490328       700720 
  19490329      1799680 
  19490330      1850270 
  19490331       979940 
  19490401       849120 
  19490402       358550 
  19490404       922120 
  19490405       901570 
  19490406       929835 
  19490407       844860 
  19490408       850460 
  19490409       384930 
  19490411       724390 
  19490412       854640 
  19490413       914940 
  19490414       803680 
  19490416       414682 
  19490418       892045 
  19490419       830217 
  19490420       969385 
  19490421      1304610 
  19490422       892780 
  19490423       339280 
  19490425       737970 
  19490426       865540 
  19490427       831170 
  19490428       774320 
  19490429       808710 
  19490502       744300 
  19490503       828832 
  19490504      1182390 
  19490505       919120 
  19490506       778500 
  19490507       239740 
  19490509       614470 
  19490510       724900 
  19490511       785880 
  19490512       786210 
  19490513       782080 
  19490514       358930 
  19490516      1030022 
  19490517       780850 
  19490518       751390 
  19490519       837380 
  19490520       735160 
  19490521       226290 
  19490523       719620 
  19490524       837880 
  19490525       883640 
  19490526       702212 
  19490527       692738 
  19490531      1236840 
  19490601      1137160 
  19490602       665042 
  19490603       703130 
  19490606      1379010 
  19490607      1043130 
  19490608       790700 
  19490609       594600 
  19490610       797150 
  19490613      1344960 
  19490614      1122830 
  19490615       944570 
  19490616       680540 
  19490617       541360 
  19490620       782840 
  19490621       772290 
  19490622       548320 
  19490623       730590 
  19490624       570635 
  19490627       666490 
  19490628       786550 
  19490629       585010 
  19490630       580450 
  19490701       715040 
  19490705       629640 
  19490706      1411960 
  19490707       887710 
  19490708       643950 
  19490711       677714 
  19490712       873110 
  19490713      1048870 
  19490714      1164640 
  19490715       796180 
  19490718       810640 
  19490719      1588820 
  19490720      1381980 
  19490721       779340 
  19490722       725098 
  19490725       857670 
  19490726      1307730 
  19490727      1026693 
  19490728       789330 
  19490729       635780 
  19490801       861710 
  19490802       798630 
  19490803      1272270 
  19490804       910670 
  19490805      1436790 
  19490808      1656600 
  19490809      1138900 
  19490810      1278560 
  19490811      1031180 
  19490812       770790 
  19490815       715130 
  19490816       834920 
  19490817      1443050 
  19490818      1182250 
  19490819       844580 
  19490822       711580 
  19490823       843110 
  19490824       724430 
  19490825       727460 
  19490826       655360 
  19490829       638970 
  19490830       592920 
  19490831       715390 
  19490901       837820 
  19490902       750080 
  19490906       640530 
  19490907       848620 
  19490908       939020 
  19490909       772980 
  19490912      1080110 
  19490913      1720260 
  19490914      1694600 
  19490915      1155700 
  19490916      1161700 
  19490919      1297200 
  19490920      1345280 
  19490921      1148230 
  19490922      1284170 
  19490923      1291050 
  19490926      1016910 
  19490927      1066790 
  19490928      1303200 
  19490929      1380700 
  19490930      1102205 
  19491001       308780 
  19491003       764830 
  19491004      1308209 
  19491005      1473520 
  19491006      1515610 
  19491007      1279830 
  19491008       540890 
  19491010      1123970 
  19491011      1655880 
  19491013      1789580 
  19491014      1192567 
  19491015       462754 
  19491017      1132150 
  19491018      1214510 
  19491019      1368910 
  19491020      1267910 
  19491021      1289340 
  19491022       355020 
  19491024      1238080 
  19491025      1190880 
  19491026      1624110 
  19491027      1762730 
  19491028      1482700 
  19491029       407200 
  19491031      1140980 
  19491101      1297940 
  19491102      1571730 
  19491103      1365705 
  19491104      1385200 
  19491105       464650 
  19491107      1171270 
  19491109      1507540 
  19491110      1172950 
  19491112       465020 
  19491114      1264725 
  19491115      1249970 
  19491116      1212650 
  19491117      1414330 
  19491118      1685990 
  19491119       592800 
  19491121      1176100 
  19491122      1395480 
  19491123      1456810 
  19491125      1265410 
  19491126       411920 
  19491128      1080140 
  19491129      1312900 
  19491130      1322705 
  19491201      1467298 
  19491202      2022100 
  19491203      1110050 
  19491205      1824630 
  19491206      1432550 
  19491207      1634360 
  19491208      1724420 
  19491209      1497560 
  19491210       666980 
  19491212      1780106 
  19491213      2082370 
  19491214      2212155 
  19491215      2069460 
  19491216      1958260 
  19491217       719565 
  19491219      1421500 
  19491220      1325140 
  19491221      1271365 
  19491222      1629340 
  19491223      1467380 
  19491227      1559010 
  19491228      1560834 
  19491229      1815630 
  19491230      2085670 
  19491231       955390 